0.0,0.06893152355457043,0.06685010753406749,0.0623202141283196,0.04699501023878465,0.056102319880640183,0.04966510105291843,0.048398251813290875,0.04410186330596487,0.048564780271811527,0.049161243826160814,0.045647698940057345,0.049016164215016755,0.048566426168232806,0.04968051329367247,0.048153579330825425,0.05529435201029439,0.04743069580972413,0.05205217597344062,0.05273590911042083,0.04708575648797818,0.06231855132172516,0.05384544109861492,0.05737097407800532,0.04951273067752559,0.057438846228641136,0.05551515110865697,0.06577816186092553,0.054357164320054954,0.05585306539163961,0.055312453497023795,0.05745899986244224,0.05482807687104563,0.054476766519613196,0.05211581074361836,0.04732820190876831,0.04985895171722809,0.04878386562981289,0.04673471360995775,0.051006013720979536,0.049120675670358285,0.0526260575362138,0.05940548005867831,0.055606928106073615,0.049783598481596525,0.05093497579081076,0.05059290274341545,0.04665459007951683,0.04609201654465326,0.054671434603807655,0.05155109160858673,0.05093612816220239,0.05731817795648362,0.0479764662827407,0.051439675924661275,0.0581011527534965,0.05224875380966689,0.04787468000749251,0.058132801971791236,0.053437530852936135,0.05235484620360109,0.05544460357350982,0.05540325055803572,0.045110551476518275,0.05736678234688488,0.046675450973180474,0.05054415148653431,0.048749183515052655,0.05206074142329026,0.05192959372170798,0.05293420934534217,0.05351652928776953,0.05473937228136446,0.058009204256030435,0.052588481220927505,0.04794335006627487,0.0450244451186834,0.05646840289430621
0.06893152355457043,0.0,0.05404167597539179,0.05904950591400787,0.04253561749936262,0.05538577828421578,0.05103893563305184,0.04672958389266983,0.044969648718794226,0.04076118022602398,0.045947718541224404,0.04116255290120036,0.04603503043993767,0.05115986995589047,0.048751977880517924,0.047144716083070574,0.05326749495621567,0.04860757898514246,0.04675145838048671,0.05576829505943276,0.05105295961362857,0.0644684294790496,0.05591259359130453,0.0585036382481451,0.05527563049743225,0.062402263386028035,0.049892784705528846,0.07122799681600951,0.05736412525462818,0.05631750736242924,0.05325075445387946,0.05493527192208834,0.062277950890255576,0.06540771256738054,0.056557238497179904,0.040776006382939975,0.04405080596486846,0.0577792890703047,0.04636766822045142,0.055337111822097176,0.05996319057732632,0.05308245294744318,0.057266688023890164,0.04933090253659101,0.05065606122393231,0.04427903261289492,0.04816016397339639,0.04603617264896562,0.04918595458903076,0.045827562045701695,0.052440131889594774,0.04699251895565372,0.05409110449283788,0.04749048672681484,0.052174649731778634,0.05438046783945222,0.05148033147679143,0.05117839228642451,0.06108746494391025,0.0540102318335961,0.05457058025795819,0.05906135315693421,0.04866988573763477,0.048013304729125045,0.05903360380667509,0.04611434594051782,0.05449268716309732,0.04911715668771333,0.05106466181930049,0.058428177413406904,0.05604904027450415,0.050541786176063516,0.05464684558605457,0.049565653178202,0.03900278091049576,0.04387187003263663,0.05025955985746026,0.05067354853805049
0.06685010753406749,0.05404167597539179,0.0,0.06286305897878164,0.0433772317363626,0.05039580089506849,0.04970686161982548,0.048974030689362714,0.04874235420341378,0.049160516160272026,0.04011466312821293,0.04389269397594593,0.047821739783653845,0.04296562039848173,0.05512962294053603,0.04434916093021561,0.05176067105095426,0.047096715377721234,0.055097227723448425,0.05194208115289658,0.04553884392788202,0.0523574805728126,0.05028002933752446,0.051035992002788876,0.045423689429060526,0.053479182967098006,0.052364311266532945,0.062256883456712556,0.05784522801417332,0.0605147360370749,0.053919576232686596,0.05775846146854448,0.05756778776236784,0.05283084408267513,0.056822601552093746,0.04277073996153587,0.047064226138444895,0.04593352830437791,0.04907584985001977,0.057404010580890466,0.050583572596023765,0.047636324206392563,0.047879367621310974,0.04979484894987825,0.05321603636435179,0.052438038117481475,0.05222627921395011,0.048007050078827426,0.0465578487674435,0.04477376489070825,0.049248883969220884,0.04646318700017431,0.05358371738938146,0.04494145462285111,0.05200226214215472,0.04930155871147082,0.053745146983550304,0.05034380097441621,0.05243898146937698,0.05060805438051532,0.048799592944490405,0.04389908228165064,0.0540934562263908,0.04780271405027265,0.05290809987538503,0.047396797700996925,0.04891763481472954,0.050989900764925176,0.05334797790913513,0.05333234030780417,0.047459380788482344,0.050975916133020625,0.04881564468246598,0.051173166148630024,0.04870564522554269,0.04432780854399506,0.04503829272127612,0.0544110581394517
0.0623202141283196,0.05904950591400787,0.06286305897878164,0.0,0.04730989985762935,0.04382058094899892,0.04327739887066059,0.055068784690244656,0.04971954225787234,0.05307369831503132,0.04235832307341096,0.04676863041743413,0.04312727328010531,0.04546405112628257,0.053223558058152785,0.04793955881358226,0.05143186781480239,0.055089652860160675,0.049741407802809175,0.05004268904110213,0.05067257957699852,0.054163375117720826,0.05039539305908934,0.05038476729162764,0.04995229741775152,0.049157465581293705,0.050791246066758756,0.05621027011725255,0.05117458091225181,0.05303211160584207,0.05046343711626915,0.05220400193068649,0.04845028470065091,0.04799991187198218,0.055073966682731325,0.03860417004057141,0.04860454592607912,0.04891350267570971,0.053154843041073506,0.06617793095576298,0.05588009691317798,0.05927141779119318,0.07088351252425959,0.055998957300837184,0.051591174247302175,0.04846800835069878,0.050505867870736035,0.048214586967394585,0.04929948481694087,0.041968787153601604,0.05011253195860129,0.0454081116637269,0.04986516470183462,0.04800063587942006,0.05322229117724723,0.05138794620093449,0.058936845462480236,0.05196250307309878,0.04937573299096736,0.04880555707313519,0.04846572287575705,0.05071388222779825,0.05484465953154918,0.04858743880631088,0.04564342521898674,0.046274209311196614,0.05699679873349307,0.050059726975498466,0.05520822784799835,0.05390111333165533,0.05086031156343655,0.04882449618252841,0.05098542432502393,0.04668885618775755,0.04487091452655418,0.04682687441952579,0.0488953422066215,0.04654871438782572
0.04699501023878465,0.04253561749936262,0.0433772317363626,0.04730989985762935,0.0,0.05686471491561823,0.04212034840159841,0.041512867625538526,0.048462769205078776,0.04654342869858007,0.045866767956977916,0.045983638025386075,0.05001300396380963,0.05228306381931871,0.05498517855842074,0.04818146323077964,0.057240023526278404,0.05263355951502925,0.055775764152839344,0.05674760656010656,0.05525449753696824,0.05454291736908924,0.05014125445680621,0.054384718065137984,0.04280145025872565,0.05311592297676282,0.04845397213463619,0.054329282655820745,0.055981763516431485,0.05921414144937094,0.05951662314736046,0.054899193173363094,0.05112855146155927,0.04886563627615874,0.055258048429435144,0.0515236683482533,0.04812974033616123,0.05559178069651701,0.05813054174016088,0.053921041523580585,0.0486019675718162,0.05191639256739354,0.052507755509464495,0.054325286367278555,0.047642699951415776,0.04550755510765277,0.04794302592752299,0.05520962517300408,0.04889408601652254,0.051565590578041755,0.047696540479377394,0.048543919703343534,0.04632353791228303,0.04638864435531916,0.054016246977306545,0.047764142148541563,0.04796688459652327,0.04974690267414876,0.05115820198681527,0.05259759157671755,0.052658917783063294,0.04466257176254735,0.05406058768705253,0.04912735754642493,0.056136967768559566,0.043813530748223126,0.053041967594579895,0.05149228782285422,0.04993912158804738,0.04663465473328753,0.04493244617524402,0.051823105564682705,0.046909469436813185,0.0518767334959962,0.054412430180496595,0.04861956130620681,0.05257452313311689,0.05147245031986244
0.056102319880640183,0.05538577828421578,0.05039580089506849,0.04382058094899892,0.05686471491561823,0.0,0.04657666564392639,0.04081962377628882,0.037225022251511516,0.03736383070867934,0.04718234052731124,0.04275800123541822,0.05111313324533538,0.04588895182779461,0.06216986923395614,0.04427990255187521,0.05128921339077589,0.05230769990914034,0.05338117306684202,0.0553225887475155,0.05074533795468854,0.05047460087926396,0.054975990236976566,0.055175212970623125,0.05189596524081388,0.05172444616743934,0.0480677727220696,0.060824031518611585,0.050061765464353356,0.048874163759417666,0.05464831120214421,0.06353937013507326,0.07526980506472694,0.06810580195358026,0.056752741480524685,0.047695773058321886,0.046665016339454815,0.05725808350991457,0.045858926677163986,0.04957023079459603,0.051343530452295096,0.052219121657964426,0.04849794289369484,0.05372109214028159,0.043627844933386936,0.049036918241263945,0.04581567911255412,0.046919166933327094,0.04878639040809451,0.050198930586015544,0.04948257922903919,0.04852926508712642,0.05104948741850597,0.05096808253595363,0.05011498755151099,0.051021083977871085,0.04868121713898081,0.044173127816194216,0.04986949443785381,0.05518318384089869,0.0530620320028279,0.052264590674624856,0.05182805601787536,0.0559159444478048,0.04908279411831658,0.04955856212472424,0.05132844060236639,0.048647398825133206,0.05078550400608506,0.051230840164067704,0.04975286598980446,0.04182111325360837,0.04207985995937656,0.0460519743927947,0.049292212263647814,0.047286420935835,0.05382924078688238,0.04799049396241779
0.04966510105291843,0.05103893563305184,0.04970686161982548,0.04327739887066059,0.04212034840159841,0.04657666564392639,0.0,0.06520707364738126,0.05195842471330753,0.053798522075255484,0.06101936271736076,0.05252031444304393,0.051976726886394854,0.03995457870579941,0.05098780683021405,0.052779103505543934,0.053057168986612335,0.04723507258529231,0.04702822230666469,0.05422608149500239,0.055677497754524116,0.05645728039050792,0.058820977484429625,0.05687234933035714,0.05312684536329556,0.05234419921712402,0.055759832168157365,0.051027127332303114,0.05391737819472194,0.05386113776360357,0.05009269949614188,0.05399835532306235,0.04385887818236451,0.043860619889550555,0.04665595004767368,0.06430074970602313,0.05771512829618299,0.05013612595900193,0.05830074799874604,0.05121326537232299,0.0541108406567391,0.05137443041984058,0.049614818815624476,0.049421825001170705,0.052338578291825366,0.046965095410774114,0.04172450714162141,0.04939548573984609,0.049594924687942264,0.04959762470602315,0.050744614069199036,0.05811480698663315,0.052617895694799986,0.05332091329894064,0.05268208077729562,0.05180479383897353,0.048586632280479936,0.049273956552887216,0.05567427669173275,0.05820258895564071,0.05318805624713827,0.046613323647381265,0.05085307453776692,0.0560348309730634,0.05385283247026411,0.05343137546860691,0.04752964068808795,0.05682741664260219,0.050050339837571275,0.05103877128730644,0.050175610888135304,0.05786789854026183,0.058119424886636795,0.05376978112219812,0.05396310513217252,0.05523994869063229,0.05578109520687645,0.05423342892459104
0.048398251813290875,0.04672958389266983,0.048974030689362714,0.055068784690244656,0.041512867625538526,0.04081962377628882,0.06520707364738126,0.0,0.0594685786625484,0.06399953086464316,0.04861221407986545,0.05886018819234151,0.05422121213747191,0.05127382887294997,0.04468931471360671,0.04779736482592928,0.059300841451842425,0.05165952382578358,0.051416623700193044,0.05334065726753715,0.05487980033475639,0.05281237841748095,0.05070397928894023,0.05482632089590097,0.05163368304872211,0.048177852136470294,0.05164322924796557,0.04965195042587621,0.04827409545207397,0.046584907198920875,0.0513801243515599,0.05344565891465306,0.043787795171950444,0.044967216092826445,0.0475482660649897,0.061805694061797575,0.05616261814357517,0.04817903568599369,0.055234908158248,0.05891244135909664,0.052263999509604975,0.05592255213861659,0.0556611755350769,0.05140518087869163,0.058666498703119796,0.05000062774952911,0.048140991942627685,0.04696654175902222,0.04659752604979655,0.04555053715002446,0.05406490392745276,0.057860150957441,0.04709024813077547,0.050090329510983814,0.05119862717848558,0.04568303896624208,0.04312273054094343,0.04263480761588672,0.05203539803295663,0.05467939177521697,0.045402716911994254,0.04246598587772904,0.0520074514921927,0.05375206515489719,0.04841474284992352,0.048700563596559686,0.04836241216465826,0.05163248888969103,0.050318636157137143,0.04812746982021884,0.05033208633001113,0.054512845227688976,0.05480675724828558,0.05238842785632336,0.05525468761381848,0.05772146107473256,0.05286586305946658,0.04711883201433983
0.04410186330596487,0.044969648718794226,0.04874235420341378,0.04971954225787234,0.048462769205078776,0.037225022251511516,0.05195842471330753,0.0594685786625484,0.0,0.07685024757143898,0.047594678189648895,0.05182921964916594,0.057425047080198445,0.06181935374196117,0.0703923943081658,0.05991499495784164,0.05928835097194472,0.06098530607576018,0.06567869959630214,0.05450386320222746,0.06207763200341325,0.05584214613511489,0.05397089572211643,0.05614753528535267,0.055666265903692655,0.0568257560310783,0.05657336043676375,0.04279821013134001,0.07115353181161285,0.06755446986281946,0.0613969428601997,0.047554379539731094,0.03513241531417801,0.04039550614587236,0.04605396381775777,0.05124346336443505,0.05957312267810315,0.05450319899013747,0.05886836316352918,0.05453659641953098,0.05358403835747586,0.05708619509559452,0.052054825382950386,0.05575987050059315,0.05387499552855999,0.05111943704082376,0.04749348543708895,0.04275163008378341,0.049604634989034405,0.049680864952105185,0.056143129697450986,0.04965729245526609,0.047963607843978934,0.05128614577967605,0.053448502547257436,0.04886316470801334,0.051898665543440935,0.04511692811582948,0.05015072204000426,0.05508422961316027,0.0510243968271312,0.047176154249396446,0.05335344066740551,0.05735554391084176,0.04903442281188864,0.05716106659453827,0.057810034163427705,0.05247864293909216,0.04893376813616072,0.058530023890497516,0.05107833694625687,0.05366198799572822,0.05432119479641452,0.05196506858213401,0.04993225703333125,0.05103798069606175,0.05026853253354718,0.04845212612094937
0.048564780271811527,0.04076118022602398,0.049160516160272026,0.05307369831503132,0.04654342869858007,0.03736383070867934,0.053798522075255484,0.06399953086464316,0.07685024757143898,0.0,0.04464881261316808,0.05276962258932474,0.05398087890299804,0.05406755150773705,0.050322564886285594,0.05031538582673837,0.058449275821834415,0.052322791019202154,0.05642391308236035,0.051552263044572624,0.05041024291463745,0.056366190490824274,0.052550431461442206,0.05524228644077277,0.05298877599451329,0.05001222951039845,0.05138633599473443,0.041575504126407446,0.05673605004208032,0.05476682753281875,0.05149501084852648,0.04825108188523716,0.03804099623521011,0.0432599735063114,0.041416815646918195,0.05279747372581846,0.04810542529573291,0.0467651884248564,0.06815893766064665,0.05427938053157781,0.052871468741219715,0.056638456880034035,0.053004149577635905,0.05030657570782082,0.059579680126188916,0.05079675439306787,0.0470471519040855,0.046984570605176065,0.046797088978729605,0.047748687591705176,0.05669497897122409,0.05300427620068734,0.04797510529834749,0.047951148298316267,0.04570166645691548,0.0456955601364781,0.05197251926133761,0.04342558503508211,0.0504824724022722,0.058388685451917874,0.048946441538604626,0.05093837323158612,0.052144181339493834,0.053986235728789446,0.0541569845762961,0.05499860921955648,0.05446838187853813,0.05151861318206533,0.051639494498015005,0.05049773773589691,0.051707843629352414,0.054928360132705835,0.05419878575200841,0.05367090311218729,0.050368653116089644,0.046393287945778176,0.04968726671277941,0.04730139936560836
0.049161243826160814,0.045947718541224404,0.04011466312821293,0.04235832307341096,0.045866767956977916,0.04718234052731124,0.06101936271736076,0.04861221407986545,0.047594678189648895,0.04464881261316808,0.0,0.05247299441281376,0.056402941175035894,0.04697302136340222,0.049813938137058256,0.050067984952872645,0.047754777774309025,0.04939154879950779,0.05257017465769907,0.050667268603792046,0.053694622394207345,0.05241947631632691,0.05411315885449186,0.05762145906664949,0.05489891228563103,0.05425534410251207,0.057262975062047326,0.047199504962810626,0.052671757563725344,0.05627991255164107,0.05169912814236545,0.04817443209459811,0.04478719002351814,0.04314525472899496,0.04638309058291968,0.07557851157631432,0.060619249687486984,0.04446312415611732,0.0526192794835373,0.0485409168874745,0.045037730173472366,0.04466749176929841,0.03928306682737835,0.04517214283925709,0.05399941481044997,0.05386599110524892,0.04741249225221393,0.04876984990107549,0.04835448795995671,0.07048869201273986,0.056668878037652456,0.051378153909892185,0.05132489487238022,0.0487753566014064,0.05357659922271738,0.04740006400663139,0.05112913579747076,0.047181803344767216,0.05068873220692068,0.05045513600982351,0.051683411518494524,0.055184935344603316,0.056541998203619305,0.05464207549449248,0.055851681643551754,0.054074703819943074,0.052375201255450275,0.05486355636550949,0.05219749143272092,0.05174428976784934,0.05639368866810272,0.052097355809880216,0.049261056936227836,0.05023065069695929,0.06692755454181235,0.06180811660670058,0.05154913901202964,0.047445837040563606
0.045647698940057345,0.04116255290120036,0.04389269397594593,0.04676863041743413,0.045983638025386075,0.04275800123541822,0.05252031444304393,0.05886018819234151,0.05182921964916594,0.05276962258932474,0.05247299441281376,0.0,0.05911183591798826,0.052463173260658615,0.05829505959535256,0.05247359167525183,0.05006881375460477,0.04706284121152286,0.053511869437528614,0.052938993745512294,0.05346646814285975,0.05600936010603978,0.04903514352672068,0.05017173321470196,0.05856236223899798,0.059487615411931816,0.049951650441030324,0.04952767166915116,0.051671570088440213,0.04850301570174617,0.05239288433734235,0.04708030291648456,0.04951509273604,0.04505974360112544,0.046623550643692245,0.05724967244669393,0.060826387195161605,0.054872637738238327,0.05489389183407738,0.052791398055069924,0.047339261040066694,0.04696215669909517,0.047683981952292495,0.04500543145819025,0.05164979145203754,0.04773792926637165,0.05563976396325029,0.04282479080977616,0.049451895638541146,0.05018756812848609,0.056643103641150515,0.0514919019782301,0.049301205630307196,0.055366891002877325,0.05730697350338463,0.0512887837260396,0.056009678716465824,0.05401930052369506,0.057184257108451444,0.0550857192124282,0.05054111452512331,0.057434636123967174,0.05105671176154575,0.05325601128201226,0.052471274981528884,0.05566545547551407,0.049541364722517064,0.051768783706527856,0.04854331914829961,0.05210428621671297,0.05025539011769481,0.050565579196194435,0.04554310651100202,0.045192518784926014,0.05538403539819555,0.0636621334394772,0.05671062840154637,0.04904178739554716
0.049016164215016755,0.04603503043993767,0.047821739783653845,0.04312727328010531,0.05001300396380963,0.05111313324533538,0.051976726886394854,0.05422121213747191,0.057425047080198445,0.05398087890299804,0.056402941175035894,0.05911183591798826,0.0,0.04921938112343385,0.055023205757458685,0.05211542075274985,0.06180890882392347,0.041095632598196076,0.05543681261772082,0.05640761334206158,0.0672142829501228,0.0599697170505276,0.05190599252635386,0.053656670803155185,0.059224493808600266,0.0610250528686808,0.058211566834857856,0.04999607196189228,0.05405428080220561,0.051101550874255955,0.05010017570320304,0.04964775068681319,0.04304681365997283,0.05233471793505974,0.050176174208278704,0.0601848110385708,0.07616921250136582,0.0582367667732658,0.05945938489407728,0.05081458978846674,0.052951864501058835,0.04879852036797837,0.04852691132110078,0.04758102854990062,0.04453826373821491,0.0572152897558171,0.05074523263195139,0.04755000736568119,0.04968752833266993,0.05594508100135542,0.06230716207620505,0.06410716114939749,0.051342763966177055,0.04923871554877414,0.05905734186874324,0.0556447995364011,0.05633376242897729,0.0494826466258351,0.05390452682896531,0.06543351033731895,0.04875734909621629,0.049688276485883906,0.04984235795942339,0.059180484513858544,0.052053342287595214,0.056686113162553585,0.05522556614121556,0.05119496856496368,0.049794711392123506,0.05052675965798524,0.04986812804708312,0.050645955810140385,0.04959510984620848,0.043544956955479414,0.05355614770971216,0.06930883065502205,0.06343689578650516,0.0523600771786807
0.048566426168232806,0.05115986995589047,0.04296562039848173,0.04546405112628257,0.05228306381931871,0.04588895182779461,0.03995457870579941,0.05127382887294997,0.06181935374196117,0.05406755150773705,0.04697302136340222,0.052463173260658615,0.04921938112343385,0.0,0.06542921271436897,0.06458936424903222,0.060136848950203436,0.05240052094715181,0.055489917797046706,0.0523888206926537,0.05805473258024528,0.05247688684199915,0.05188686069789585,0.05252360395951705,0.05221920998922952,0.05218839607657968,0.0492932431338193,0.04587866503613574,0.04789025452086975,0.051096374369445655,0.054160882371209515,0.04940320946143699,0.04266687438538024,0.04465431894765391,0.050799715380647995,0.05251195150877769,0.05621255713687355,0.06005242295952745,0.054156578976037,0.05777773857815362,0.05756990084297213,0.05177250638359038,0.04955416027657238,0.049488173041151565,0.051082771151374676,0.04854494577687936,0.051902238467912296,0.043572846261811106,0.048140893733545104,0.051061975052941855,0.05394653763391556,0.05470183287578306,0.049204478545542996,0.05238291095297931,0.05348899460728074,0.05373929464090597,0.05399263281477636,0.05113166224238001,0.05398522567113877,0.05586772655241893,0.051055985355790034,0.05362294431642576,0.05201337663801042,0.05277937183259449,0.05259398422215805,0.05221310163631941,0.05246709629888341,0.056610973255260356,0.051149129556966474,0.051381386517128716,0.04763966632326007,0.05808897356712298,0.044371319923566015,0.04796553507527629,0.05421311220517764,0.04876684545922827,0.05580224028087798,0.05210457974642544
0.04968051329367247,0.048751977880517924,0.05512962294053603,0.053223558058152785,0.05498517855842074,0.06216986923395614,0.05098780683021405,0.04468931471360671,0.0703923943081658,0.050322564886285594,0.049813938137058256,0.05829505959535256,0.055023205757458685,0.06542921271436897,0.0,0.06246429673028795,0.05746454326923077,0.05763482745282063,0.06181121348540782,0.05997470896616404,0.049831801255385236,0.05287620871153585,0.05610266483191288,0.05828739026273207,0.05509282794841878,0.05500119021603397,0.061081013468952915,0.04595676064657998,0.0521893827607939,0.05432669670010979,0.06171870414741508,0.05920857182368413,0.049245507015770684,0.05791475158955628,0.059508155296851585,0.053063252543355074,0.05334244629068848,0.06320540352388497,0.05971879995817984,0.05310355664029981,0.05483541137410767,0.052339973096564886,0.05401721284899996,0.04728044615703307,0.051807194433170986,0.04852511571273778,0.04721161654914096,0.04753134731479458,0.04686865722168456,0.04817889902252696,0.05110699627520916,0.05270951143582979,0.049731718192289484,0.05057763671875,0.054080538195528424,0.05350365186571242,0.051901138453018344,0.049619213712719566,0.05428401834981424,0.049359633489882516,0.055742912726921515,0.056432165043615236,0.054087939566943466,0.05007215920472757,0.061289989632763074,0.05159862281273414,0.04987585571167114,0.05474053871746744,0.05686007226009667,0.05419473983048202,0.05036168738488074,0.052494425862223706,0.04797458795273736,0.04532756529765807,0.050892510240410624,0.04831750008617684,0.05701849895709758,0.046219430390572976
0.048153579330825425,0.047144716083070574,0.04434916093021561,0.04793955881358226,0.04818146323077964,0.04427990255187521,0.052779103505543934,0.04779736482592928,0.05991499495784164,0.05031538582673837,0.050067984952872645,0.05247359167525183,0.05211542075274985,0.06458936424903222,0.06246429673028795,0.0,0.06291839861798357,0.06027865843466431,0.06721940722038379,0.05130950340349753,0.05894348006323104,0.05403042774283009,0.0505544394163779,0.05783790590919498,0.05558713588657436,0.06295822008395249,0.05505832082956107,0.04999255696289388,0.051761587777456916,0.05304389722419508,0.0570476514858839,0.04553546482001071,0.047113898715217074,0.04685421503951777,0.048061951679505395,0.05035207395143918,0.05538687008791989,0.05228958895108797,0.0600602082243928,0.04731264950869444,0.04893612312167,0.050963394718887875,0.0497030068726846,0.04887184401698562,0.04930430246836497,0.046292293318660506,0.045061448032761506,0.04949690092622222,0.0452667395267493,0.051466424485345386,0.04789472726167062,0.04537872552252435,0.04314687704873251,0.05392093160745505,0.05475040271414783,0.045609492151728485,0.04980078791651057,0.046456012005572554,0.049671590047322474,0.05138921665899206,0.05077363265803207,0.04972003220574997,0.0571717615473719,0.0510578798236269,0.05358038974371983,0.048898484043625644,0.047445089862936544,0.05177053622646884,0.049080845627354416,0.052590328250850714,0.047934241661658654,0.049001570207136615,0.04764188232828369,0.04937713096636436,0.053445775294041896,0.04741550218173753,0.04906361590883075,0.04626590682266951
0.05529435201029439,0.05326749495621567,0.05176067105095426,0.05143186781480239,0.057240023526278404,0.05128921339077589,0.053057168986612335,0.059300841451842425,0.05928835097194472,0.058449275821834415,0.047754777774309025,0.05006881375460477,0.06180890882392347,0.060136848950203436,0.05746454326923077,0.06291839861798357,0.0,0.06706228675296058,0.05975523264170725,0.05642050938156894,0.0756228174494776,0.08435444840803727,0.06707358201694139,0.06841425721088808,0.0649492105794596,0.071600100339114,0.07610094296166073,0.05491925664667363,0.055266243765999624,0.05509089299372503,0.0515051873582147,0.044348341884352625,0.0541779737596388,0.06017925381096767,0.0571441573156661,0.05485469608516484,0.06318195106488564,0.061054528601281535,0.055535475754714035,0.05223308889190237,0.048594030115392414,0.051339743711691956,0.05116351153729083,0.04825794932606456,0.04883901771243079,0.0544247166407811,0.05616002064341909,0.04838380471254006,0.0455674561441163,0.04574208278700466,0.05448210570354126,0.05809057157848661,0.04632669287906104,0.04861362620127269,0.04930679171902317,0.05761992109453047,0.049914150628017816,0.05304375588604103,0.05486780358313561,0.048958445281931606,0.059191356291820166,0.04976854968761707,0.060980198187229426,0.05901924637862138,0.05666512601168363,0.05629328845796131,0.06279842337837943,0.04931331453377352,0.05212187458537556,0.05570356905464328,0.054449803614354385,0.05023155453758481,0.05428963147041761,0.05021663285445024,0.05217869345823448,0.06741721035312345,0.05720430871212121,0.051643257133491514
0.04743069580972413,0.04860757898514246,0.047096715377721234,0.055089652860160675,0.05263355951502925,0.05230769990914034,0.04723507258529231,0.05165952382578358,0.06098530607576018,0.052322791019202154,0.04939154879950779,0.04706284121152286,0.041095632598196076,0.05240052094715181,0.05763482745282063,0.06027865843466431,0.06706228675296058,0.0,0.06054773689038827,0.06863190187091554,0.054674816760388045,0.06678441679576934,0.05810084186646687,0.06293963413702183,0.05574052428691101,0.051880504749157084,0.062209618994286967,0.04708591790696283,0.049804399742510094,0.049246891780094906,0.05577037232786745,0.052527845242322777,0.049794226931922245,0.049641736640638014,0.046652768130307186,0.04863527845852065,0.057337247916471545,0.048922194016920585,0.05521626282246399,0.04658472195935574,0.05041138561145886,0.052777454438465175,0.04819591907116322,0.05016232376022415,0.050234182280935215,0.05205829469196168,0.05031939345647842,0.05067930954137008,0.045104579421229814,0.04860069439024516,0.05009066982821866,0.05793168237198999,0.04593339570585664,0.04993145758050542,0.04694906245284663,0.05502836860405219,0.05004730336395376,0.051268053561022306,0.05356634247100556,0.05427178599395396,0.049158435517932586,0.048818867249287176,0.0551901053048514,0.05114638108473557,0.050088295168373285,0.05654174955090483,0.04775673341957522,0.05139808783339056,0.05284522195740458,0.050018240304617254,0.049440387574664915,0.05347656355688581,0.04933330491936448,0.052500010934703314,0.047295049473638336,0.05287080839082792,0.049922342509378645,0.04539642238458157
0.05205217597344062,0.04675145838048671,0.055097227723448425,0.049741407802809175,0.055775764152839344,0.05338117306684202,0.04702822230666469,0.051416623700193044,0.06567869959630214,0.05642391308236035,0.05257017465769907,0.053511869437528614,0.05543681261772082,0.055489917797046706,0.06181121348540782,0.06721940722038379,0.05975523264170725,0.06054773689038827,0.0,0.06239999400827038,0.056880981445312506,0.06302653689897343,0.05766741953521739,0.06889315603829764,0.06919821743198208,0.060979394222314146,0.06931577951670725,0.0497259460510193,0.055180033833354146,0.0562143443307994,0.0675264146660631,0.049034708333658535,0.04722305746011801,0.05114427349180767,0.048604332679039706,0.054826341952318516,0.05816065286438822,0.057613460107600746,0.052736319710562876,0.0514285430959015,0.045459949433704315,0.05327961589192058,0.05029575173361796,0.05041079273916188,0.05493988807416542,0.05197653189096061,0.04782378924786151,0.050763173553334685,0.050527836055546005,0.05174495662215389,0.051805307566782186,0.048535211777155134,0.05680706354192683,0.04831335713440205,0.045296369727277935,0.051160069991857106,0.05503008055583739,0.05374475695203233,0.04768567963611909,0.0559305014240317,0.053729847951527646,0.05572362931664689,0.05391089541968448,0.056806182424346485,0.05494894473202579,0.05524596216771509,0.04896929275151931,0.05512580038776328,0.0548051231808556,0.05314742333675439,0.05405059405926105,0.047438579608867694,0.0493558987805814,0.05239889013167822,0.05550633485167176,0.05122110368472673,0.05654062876413951,0.04272358789485255
0.05273590911042083,0.05576829505943276,0.05194208115289658,0.05004268904110213,0.05674760656010656,0.0553225887475155,0.05422608149500239,0.05334065726753715,0.05450386320222746,0.051552263044572624,0.050667268603792046,0.052938993745512294,0.05640761334206158,0.0523888206926537,0.05997470896616404,0.05130950340349753,0.05642050938156894,0.06863190187091554,0.06239999400827038,0.0,0.053466305585690356,0.08339497981673274,0.059938617575458396,0.07380360333839339,0.08394378412115229,0.08113301237336881,0.07541509536199478,0.06122827119982882,0.05256043671497772,0.05035637946038336,0.051172518684115355,0.06204825106534092,0.06161732351307547,0.05665950837899081,0.06030176041406511,0.04790596512862137,0.05769703741896125,0.06255583507475597,0.05566969716481436,0.05172888053515495,0.05530091055591544,0.0501299539896952,0.047013893251930367,0.051840416744713624,0.05406264198854531,0.05627884912125636,0.046110144778723876,0.05583677772422889,0.05853851962653232,0.055519303897599806,0.05238471050433942,0.05711544993905834,0.05523097829091482,0.058660448560228826,0.05506976316326902,0.05894790300844989,0.054812420977460044,0.05101481416532686,0.05488025573059753,0.0647481824815809,0.05600610814966284,0.0643934136745416,0.05647720480203391,0.06079294830332428,0.05808187080660225,0.06260233569327808,0.0550966192011114,0.06058671126237044,0.058565848011038445,0.05600657391111493,0.05363644721164253,0.049198552668035085,0.05207278089748792,0.052542850094241686,0.04850229340158539,0.05912778026010448,0.059698975584961914,0.0522845088261348
0.04708575648797818,0.05105295961362857,0.04553884392788202,0.05067257957699852,0.05525449753696824,0.05074533795468854,0.055677497754524116,0.05487980033475639,0.06207763200341325,0.05041024291463745,0.053694622394207345,0.05346646814285975,0.0672142829501228,0.05805473258024528,0.049831801255385236,0.05894348006323104,0.0756228174494776,0.054674816760388045,0.056880981445312506,0.053466305585690356,0.0,0.08699919339287014,0.06851973254609973,0.07022394495966273,0.0666686512543446,0.0823842653115114,0.06334988140115093,0.05256113917820462,0.053564075288318455,0.04842999139532343,0.05104031999088152,0.053252423561139385,0.04663437656906895,0.054071957583432195,0.05346714556602252,0.06167100217490842,0.06814183041893004,0.057887552795511776,0.06341031998600358,0.05265510848201278,0.056405878870478474,0.05157920660069097,0.05534488017678936,0.05135295775188353,0.04681326705521041,0.05275799005681818,0.05227971816594863,0.04778376981904814,0.05230371081555163,0.05363812404229884,0.05360259259783186,0.06461096512536943,0.05099399286423213,0.04223028440472288,0.05342295103171568,0.05760150843622523,0.054034685854510066,0.04975082034664555,0.06081185050301261,0.0757782702323718,0.05829389393158925,0.05322292762575966,0.06155967746446263,0.07062880048011883,0.07024386823300398,0.06726664355338671,0.05495393311115968,0.047230428466390376,0.04444333860312864,0.04783660789080711,0.050680616014844526,0.0507704746018955,0.05190982402200663,0.05099553612078026,0.056931963300371514,0.06510401821485806,0.06177448548359192,0.04517809603319857
0.06231855132172516,0.0644684294790496,0.0523574805728126,0.054163375117720826,0.05454291736908924,0.05047460087926396,0.05645728039050792,0.05281237841748095,0.05584214613511489,0.056366190490824274,0.05241947631632691,0.05600936010603978,0.0599697170505276,0.05247688684199915,0.05287620871153585,0.05403042774283009,0.08435444840803727,0.06678441679576934,0.06302653689897343,0.08339497981673274,0.08699919339287014,0.0,0.06439640588090297,0.08619225854711694,0.0924488172553358,0.11532167031373575,0.0882634423681787,0.06381387309793071,0.05451853924070722,0.052461379969314534,0.05497656282519564,0.05271346028645833,0.05487184970790927,0.05257128345287525,0.062495344905745306,0.058569822633421274,0.0754293929134017,0.08424772956535652,0.05592089400670943,0.05710801141404168,0.06713311663922014,0.05481825141004828,0.05708080583153825,0.050397729467797824,0.0497851075113038,0.05982400286074603,0.05339516200758877,0.04765985097259511,0.05009917613311168,0.05413168862387613,0.062178302247882324,0.05706154177040408,0.05246424632496409,0.052913818725220094,0.05136388969103813,0.06047455299420632,0.05022382630390443,0.048503717189386134,0.06333539279730685,0.056147850399925606,0.06512131699680528,0.05358409034812843,0.058315757931846804,0.05819228708303416,0.06753438053645575,0.05775853821471497,0.05507817959221768,0.06070722482270334,0.05365398318315799,0.060229477838242486,0.054676175671659076,0.05233223807442557,0.05313904881739355,0.060270613501082246,0.056902623662145144,0.06639272320290387,0.05546493952011531,0.05642831509311001
0.05384544109861492,0.05591259359130453,0.05028002933752446,0.05039539305908934,0.05014125445680621,0.054975990236976566,0.058820977484429625,0.05070397928894023,0.05397089572211643,0.052550431461442206,0.05411315885449186,0.04903514352672068,0.05190599252635386,0.05188686069789585,0.05610266483191288,0.0505544394163779,0.06707358201694139,0.05810084186646687,0.05766741953521739,0.059938617575458396,0.06851973254609973,0.06439640588090297,0.0,0.09310976177956157,0.08348621146106498,0.06542787498146384,0.08975698056825987,0.06838120806602252,0.05295348320299492,0.05131575305391223,0.050474440598464045,0.05720954928047214,0.05999568408479542,0.050415612626305985,0.05886642511947689,0.05555714378395042,0.0548039619885323,0.06641051579442693,0.057239076190736336,0.05777764358037796,0.05817318639205845,0.05474162035880786,0.05215087394701652,0.05612000231214098,0.05053443687659996,0.053300782184937466,0.04896475379275673,0.048807998113540106,0.047934446209714765,0.055446148618633964,0.05422884451973807,0.053685587199259074,0.048245812659020657,0.05478874823906562,0.04956232394721165,0.058717865752411655,0.047863890707274495,0.0520230273063525,0.05188049446484505,0.05652712725100419,0.05710156615845093,0.056288928194201636,0.05587561323767378,0.061525735616922136,0.06010846924885012,0.06032965354144554,0.05432518214207667,0.04968103998865718,0.04928183205954203,0.05461194042773633,0.05721750840305527,0.05010234418901412,0.05319653869080139,0.0558064762792546,0.054445700864890326,0.05530314989372607,0.05720420611289752,0.052762212722173664
0.05737097407800532,0.0585036382481451,0.051035992002788876,0.05038476729162764,0.054384718065137984,0.055175212970623125,0.05687234933035714,0.05482632089590097,0.05614753528535267,0.05524228644077277,0.05762145906664949,0.05017173321470196,0.053656670803155185,0.05252360395951705,0.05828739026273207,0.05783790590919498,0.06841425721088808,0.06293963413702183,0.06889315603829764,0.07380360333839339,0.07022394495966273,0.08619225854711694,0.09310976177956157,0.0,0.07277705172431734,0.07655667745340597,0.11679316366413535,0.06280115750135282,0.052213834993131855,0.05279278294134251,0.05107000624700821,0.06902557684015204,0.05404676650660537,0.06102396639005525,0.0698302393407374,0.06051861220647842,0.06545403440960082,0.0652827950857736,0.05955194341791022,0.0563754119009246,0.05577782406395687,0.056088810318912864,0.054569755480522085,0.05170181043728408,0.047958366421989466,0.05273015375737544,0.05118234694992507,0.05713957595952225,0.05009670334548264,0.05838111001953775,0.053026374545051304,0.050530134538313246,0.05349688401604906,0.048085829494398824,0.05205584649725274,0.06388629668671172,0.0551834557857507,0.05869852953849536,0.05806137864414231,0.06066436554168488,0.05812549893140714,0.0612995630671412,0.06833858861678685,0.06460708643569972,0.06470602802145772,0.061514136335669545,0.057780938869073636,0.05335391797330273,0.054580749206847835,0.05540432813443068,0.0524397697842522,0.06022612246965274,0.054314921447367735,0.06427666340007648,0.05782957313682411,0.0618495525470623,0.06873328461902681,0.054064296868496085
0.04951273067752559,0.05527563049743225,0.045423689429060526,0.04995229741775152,0.04280145025872565,0.05189596524081388,0.05312684536329556,0.05163368304872211,0.055666265903692655,0.05298877599451329,0.05489891228563103,0.05856236223899798,0.059224493808600266,0.05221920998922952,0.05509282794841878,0.05558713588657436,0.0649492105794596,0.05574052428691101,0.06919821743198208,0.08394378412115229,0.0666686512543446,0.0924488172553358,0.08348621146106498,0.07277705172431734,0.0,0.09588771014955097,0.08279177060732236,0.05000517235856592,0.0535368138128148,0.057813308802200404,0.06462821622550627,0.05548286706782801,0.05346025662163358,0.05702077040797745,0.056033918596052376,0.05648899416013674,0.05959752783837256,0.05767362280460425,0.05632401619376717,0.06347322306599651,0.06244805276104104,0.05429390994747439,0.057025239896821935,0.046848884432624666,0.04830985729765026,0.054388636428675495,0.05298321348248106,0.0509346642940393,0.04985378952102585,0.057171926868704225,0.057263709963539064,0.05795025555499188,0.05146924669568712,0.05070995857983163,0.060237921949469794,0.06499915693030928,0.05921412921388507,0.05449150101200882,0.05986198843474235,0.06752900346723589,0.05531503550973765,0.05453877827901264,0.06750053047538399,0.07151752698798597,0.06803625033007357,0.07456739330005932,0.059730924064542223,0.05399918770194649,0.051698641202547455,0.054228354084066975,0.05758179418238012,0.050932333535605015,0.05139823835832137,0.05253772988892619,0.05358052705757784,0.06401401320847122,0.054792926433917644,0.05114845087367059
