0.0,0.008091613295640607,0.016381122119996656,0.044017201487510364,0.0,0.0,0.0,0.0,0.0,0.0,0.0,0.0,0.0,0.0,0.0,0.0,0.0,0.0,0.0,0.0,0.0,0.0,0.0,0.0,0.0,0.0,0.0,0.0,0.0,0.0,0.0,0.0,0.0,0.0,0.0,0.007456278312994661,0.0,0.0,0.0,0.0,0.014495539479717828,0.09499669651629923,0.0,0.0,0.0,0.00718791700143524,0.0,0.0,0.0,0.0,0.0,0.0,0.0,0.0,0.0,0.0,0.0,0.0,0.0,0.0,0.0,0.0,0.0,0.0,0.0,0.0,0.0,0.0,0.0,0.0,0.0,0.0,0.0,0.0,0.0,0.0,0.0,0.0
0.008091613295640607,0.0,0.006754589431703276,0.0,0.0,0.0,0.0,0.0,0.0,0.0,0.0,0.0,0.0,0.0,0.0,0.0,0.0,0.0,0.0,0.0,0.0,0.0,0.0,0.0,0.0,0.0,0.0,0.0,0.0,0.0,0.0,0.0,0.0,0.0,0.0,0.0,0.0,0.0,0.05182575902625885,0.0,0.0431064014024817,0.08979140110873665,0.006390266477223178,0.00875247648856731,0.0,0.011355173164760366,0.0,0.0,0.0,0.0,0.0,0.0,0.0,0.0,0.0,0.0,0.0,0.0,0.0,0.0,0.0,0.0,0.0,0.0,0.0,0.0,0.0,0.0,0.0,0.0,0.0,0.0,0.0,0.0,0.0,0.0,0.0,0.0
0.016381122119996656,0.006754589431703276,0.0,0.031050402201230766,0.020925765764734337,0.0081061514535427,0.031035438926861583,0.014027179959450844,0.0,0.0,0.0,0.0,0.0,0.0,0.0,0.0,0.0,0.0,0.0,0.0,0.0,0.0,0.0,0.0,0.0,0.0,0.0,0.0,0.0,0.0,0.0,0.0,0.0,0.0,0.0,0.03667764099089554,0.0,0.0,0.023271797168225538,0.0,0.03975593964444272,0.06089384756760557,0.0,0.0,0.0,0.0,0.0,0.0,0.007346247745704172,0.0,0.0,0.0,0.0,0.0,0.0,0.0,0.0,0.0,0.0,0.0,0.0,0.0,0.0,0.0,0.0,0.0,0.0,0.0,0.0,0.0,0.0,0.0,0.0,0.0,0.0,0.0,0.0,0.0
0.044017201487510364,0.0,0.031050402201230766,0.0,0.0,0.0,0.02094935145341225,0.012307890327845215,0.0,0.0,0.01353106368474983,0.0,0.0,0.0,0.0,0.0,0.0,0.0,0.0,0.0,0.0,0.0,0.0,0.0,0.0,0.0,0.0,0.0,0.0,0.0,0.0,0.0,0.0,0.0,0.0,0.08056376710792562,0.0,0.0,0.0,0.0,0.019374770784804395,0.034563259679975936,0.0,0.0,0.0,0.0,0.0,0.0,0.0,0.0,0.0,0.0,0.0,0.0,0.0,0.0,0.0,0.0,0.0,0.0,0.0,0.0,0.0,0.0,0.0,0.0,0.0,0.0,0.0,0.0,0.0,0.0,0.0,0.0,0.0,0.0,0.0,0.0
0.0,0.0,0.020925765764734337,0.0,0.0,0.04501622947761427,0.009561522452696244,0.044039114931094185,0.0,0.03846184997901996,0.0,0.0,0.0,0.0,0.0,0.0,0.0,0.0,0.0,0.0,0.0,0.0,0.0,0.0,0.0,0.0,0.0,0.0,0.0,0.0,0.0,0.0,0.0,0.0,0.0,0.0,0.0,0.0,0.008912037750843694,0.0,0.02164143628452459,0.007514433797402765,0.0,0.0,0.0,0.0,0.0,0.0,0.0,0.0,0.0,0.0,0.0,0.0,0.0,0.0,0.0,0.0,0.0,0.0,0.0,0.0,0.0,0.0,0.0,0.0,0.0,0.0,0.0,0.0,0.0,0.0,0.0,0.0,0.0,0.0,0.0,0.0
0.0,0.0,0.0081061514535427,0.0,0.04501622947761427,0.0,0.0,0.01962938702758167,0.0,0.08544212655958718,0.0,0.0,0.0,0.0,0.0,0.0,0.0,0.0,0.0,0.0,0.0,0.0,0.0,0.0,0.0,0.0,0.0,0.0,0.0,0.0,0.0,0.0,0.0,0.0,0.0,0.0,0.0,0.0,0.1310579068258516,0.0,0.028805377135802727,0.04355935623108849,0.0,0.0,0.0,0.0,0.0,0.0,0.0,0.0,0.0,0.0,0.0,0.0,0.0,0.0,0.0,0.0,0.0,0.0,0.0,0.0,0.0,0.0,0.0,0.0,0.0,0.0,0.0,0.0,0.0,0.0,0.0,0.0,0.0,0.0,0.0,0.0
0.0,0.0,0.031035438926861583,0.02094935145341225,0.009561522452696244,0.0,0.0,0.5776525450640683,0.011423112708284612,0.02151124238991375,0.738177864099347,0.6678203036455157,0.07053010696557376,0.36068834916541587,0.005963687031771305,0.13472306037486176,0.008608686620157523,0.023222335388949605,0.010220659322853454,0.0,0.026207980091157622,0.0,0.01864718397889121,0.0,0.0,0.012982015752061992,0.0,0.0,0.0,0.0,0.0,0.0,0.0,0.0,0.0,0.12976406668374346,0.3818062785454005,0.02761835176849126,0.12091861292283353,0.05045783346626136,0.03940835221061976,0.13772608893821411,0.005387261824776112,0.0,0.0,0.0,0.0,0.0,0.0,0.0,0.0,0.0,0.0,0.005915103856151742,0.0,0.0,0.0,0.0,0.0,0.0,0.0,0.0,0.0,0.0,0.0,0.0,0.0,0.0,0.0,0.0,0.0,0.0,0.0,0.0,0.0,0.0,0.0,0.0
0.0,0.0,0.014027179959450844,0.012307890327845215,0.044039114931094185,0.01962938702758167,0.5776525450640683,0.0,0.04054006002894875,0.15709411619866168,0.2477024536633233,0.01102726626478475,0.0,0.3608328228281495,0.0,0.04537228972911756,0.0,0.022028033677066666,0.0,0.0,0.0,0.0,0.0,0.0,0.0,0.0,0.0,0.0,0.0,0.0,0.0,0.0,0.0,0.0,0.0,0.12388049225604546,0.04199573132531391,0.0,0.2907035767961776,0.011786076860777026,0.0893973323565908,0.16621826780481963,0.0,0.0,0.0,0.0,0.0,0.0,0.0,0.0,0.0,0.0,0.0,0.005642800295757461,0.0,0.0,0.0,0.0,0.0,0.0,0.0,0.0,0.0,0.0,0.0,0.0,0.0,0.0,0.0,0.0,0.0,0.0,0.0,0.0,0.0,0.0,0.0,0.0
0.0,0.0,0.0,0.0,0.0,0.0,0.011423112708284612,0.04054006002894875,0.0,0.07219120327078794,0.0,0.0,0.0,0.029784493018921786,0.10015231132075801,0.014578923141488594,0.0,0.009898319867900986,0.0,0.0,0.0,0.0,0.0,0.0,0.0,0.0,0.0,0.0,0.0,0.0,0.0,0.0,0.0,0.0,0.0,0.0,0.0,0.0,0.47758717643677256,0.0,0.0,0.04851347371773852,0.0,0.0,0.0,0.0,0.0,0.0,0.0,0.0,0.0,0.0,0.0,0.0,0.0,0.0,0.0,0.0,0.0,0.0,0.0,0.0,0.0,0.0,0.0,0.0,0.0,0.0,0.0,0.0,0.0,0.0,0.0,0.0,0.0,0.0,0.0,0.0
0.0,0.0,0.0,0.0,0.03846184997901996,0.08544212655958718,0.02151124238991375,0.15709411619866168,0.07219120327078794,0.0,0.0,0.0,0.0,0.012069484368790996,0.0,0.010343976671566689,0.0,0.01085565405632594,0.0,0.0,0.0,0.0,0.0,0.0,0.0,0.0,0.0,0.0,0.0,0.0,0.0,0.0,0.0,0.0,0.0,0.0,0.0,0.0,0.3787070705036395,0.0,0.014930798992968992,0.05465601768374006,0.0,0.0,0.0,0.0,0.0,0.0,0.0,0.0,0.0,0.0,0.0,0.0,0.0,0.0,0.0,0.0,0.0,0.0,0.0,0.0,0.0,0.0,0.0,0.0,0.0,0.0,0.0,0.0,0.0,0.0,0.0,0.0,0.0,0.0,0.0,0.0
0.0,0.0,0.0,0.01353106368474983,0.0,0.0,0.738177864099347,0.2477024536633233,0.0,0.0,0.0,0.08491263633273113,0.0,0.0,0.0,0.0,0.0,0.0,0.0,0.0,0.0,0.0,0.0,0.0,0.0,0.0,0.0,0.0,0.0,0.0,0.0,0.0,0.0,0.0,0.0,0.07565325046139894,0.034618154254345196,0.0,0.0,0.0,0.0,0.0,0.0,0.0,0.0,0.0,0.0,0.0,0.0,0.0,0.0,0.0,0.0,0.0,0.0,0.0,0.0,0.0,0.0,0.0,0.0,0.0,0.0,0.0,0.0,0.0,0.0,0.0,0.0,0.0,0.0,0.0,0.0,0.0,0.0,0.0,0.0,0.0
0.0,0.0,0.0,0.0,0.0,0.0,0.6678203036455157,0.01102726626478475,0.0,0.0,0.08491263633273113,0.0,0.216122111419149,0.04434746404550169,0.0,0.005499012867294783,0.0,0.0,0.0,0.0,0.006537198484470848,0.0,0.0,0.0,0.0,0.0,0.0,0.0,0.0,0.0,0.0,0.0,0.0,0.0,0.0,0.0,0.09891201828684641,0.0,0.006391846670101409,0.0,0.0,0.007066525022012171,0.0,0.0,0.0,0.0,0.0,0.0,0.0,0.0,0.0,0.0,0.0,0.0,0.0,0.0,0.0,0.0,0.0,0.0,0.0,0.0,0.0,0.0,0.0,0.0,0.0,0.0,0.0,0.0,0.0,0.0,0.0,0.0,0.0,0.0,0.0,0.0
0.0,0.0,0.0,0.0,0.0,0.0,0.07053010696557376,0.0,0.0,0.0,0.0,0.216122111419149,0.0,0.18263831000090427,0.0,0.07550325883649807,0.01016309614340939,0.0,0.0,0.0,0.3032966792333625,0.0,0.0,0.0,0.0,0.005520626914735023,0.0,0.0,0.0,0.0,0.0,0.0,0.0,0.0,0.0,0.0,0.22863727985408883,0.0,0.0,0.0,0.0,0.0,0.0,0.0,0.0,0.0,0.0,0.0,0.0,0.0,0.0,0.0,0.0,0.0,0.0,0.0,0.0,0.0,0.0,0.0,0.0,0.0,0.0,0.0,0.0,0.0,0.0,0.0,0.0,0.0,0.0,0.0,0.0,0.0,0.0,0.0,0.0,0.0
0.0,0.0,0.0,0.0,0.0,0.0,0.36068834916541587,0.3608328228281495,0.029784493018921786,0.012069484368790996,0.0,0.04434746404550169,0.18263831000090427,0.0,0.18714925655646764,0.4331328547737692,0.005446938569847018,0.05327334462637697,0.02694917268724469,0.007417417937085223,0.01797812240687553,0.0,0.014933842733338063,0.0,0.0,0.009039643320605206,0.0,0.0,0.0,0.006797064237039136,0.0,0.0,0.0,0.0,0.0,0.0,0.1808046627538544,0.020817015871148172,0.24079064064851222,0.04307142359573083,0.013385622267588732,0.25078149258998383,0.011843258478521286,0.0,0.0,0.0,0.0,0.0,0.0,0.0,0.0,0.0,0.0,0.0,0.0,0.0,0.0,0.0,0.0,0.0,0.0,0.0,0.0,0.0,0.0,0.0,0.0,0.0,0.0,0.0,0.0,0.0,0.0,0.0,0.0,0.0,0.0,0.0
0.0,0.0,0.0,0.0,0.0,0.0,0.005963687031771305,0.0,0.10015231132075801,0.0,0.0,0.0,0.0,0.18714925655646764,0.0,0.28399383360455205,0.0,0.035186517143706575,0.0700585965836134,0.02127897588515196,0.0,0.0,0.024517433392112646,0.0,0.006801492048038742,0.0,0.0,0.0,0.0,0.027482051999992187,0.011358430756571685,0.0,0.0,0.0,0.0,0.0,0.0,0.0,0.03436926783058784,0.0,0.0,0.0,0.0,0.0,0.0,0.0,0.0,0.0,0.0,0.0,0.0,0.0,0.0,0.0,0.0,0.0,0.0,0.0,0.0,0.0,0.0,0.0,0.0,0.0,0.0,0.0,0.0,0.0,0.0,0.0,0.0,0.0,0.0,0.0,0.0,0.0,0.0,0.0
0.0,0.0,0.0,0.0,0.0,0.0,0.13472306037486176,0.04537228972911756,0.014578923141488594,0.010343976671566689,0.0,0.005499012867294783,0.07550325883649807,0.4331328547737692,0.28399383360455205,0.0,0.1334574558497472,0.743363253205499,0.16071695135400885,0.016907486273502963,0.3878312850798629,0.0,0.021159881719010214,0.0,0.008780776444500137,0.08853878885352397,0.0,0.0,0.0,0.007271028020567551,0.0,0.0,0.0,0.0,0.0,0.0,0.25361970059067007,0.04066658755986095,0.11230359578138668,0.017312388356361622,0.0,0.029771766591505596,0.0,0.0,0.0,0.0,0.0,0.0,0.0,0.0,0.0,0.0,0.0,0.0,0.0,0.0,0.0,0.0,0.0,0.0,0.0,0.0,0.0,0.0,0.0,0.0,0.0,0.0,0.0,0.0,0.0,0.0,0.0,0.0,0.0,0.0,0.0,0.0
0.0,0.0,0.0,0.0,0.0,0.0,0.008608686620157523,0.0,0.0,0.0,0.0,0.0,0.01016309614340939,0.005446938569847018,0.0,0.1334574558497472,0.0,0.34294376356679884,0.0,0.0939599051639762,0.4951324465208699,0.05680758790634603,0.054712542061774394,0.0,0.0,0.16381751785242235,0.0,0.0,0.0,0.0,0.0,0.0,0.0,0.0,0.0,0.0,0.020956970806331028,0.0,0.0,0.0,0.0,0.0,0.0,0.0,0.0,0.0,0.0,0.0,0.0,0.0,0.0,0.0,0.0,0.0,0.0,0.0,0.0,0.0,0.0,0.0,0.0,0.0,0.0,0.0,0.0,0.0,0.0,0.0,0.0,0.0,0.0,0.0,0.0,0.0,0.0,0.0,0.0,0.0
0.0,0.0,0.0,0.0,0.0,0.0,0.023222335388949605,0.022028033677066666,0.009898319867900986,0.01085565405632594,0.0,0.0,0.0,0.05327334462637697,0.035186517143706575,0.743363253205499,0.34294376356679884,0.0,0.24486189139100784,0.8623159658181376,0.04717437747766499,0.007352664809541633,0.1390900741638576,0.0,0.008243703592167523,0.10063217565972851,0.0,0.0,0.0,0.03469422004807954,0.019532050076143573,0.0,0.0,0.0,0.0,0.0,0.013755635788968481,0.013809513884052466,0.04243339406381824,0.0,0.0,0.007987176129577304,0.0,0.0,0.0,0.0,0.0,0.0,0.0,0.0,0.0,0.0,0.0,0.0,0.0,0.0,0.0,0.0,0.0,0.0,0.0,0.0,0.0,0.0,0.0,0.0,0.0,0.0,0.0,0.0,0.0,0.0,0.0,0.0,0.0,0.0,0.0,0.0
0.0,0.0,0.0,0.0,0.0,0.0,0.010220659322853454,0.0,0.0,0.0,0.0,0.0,0.0,0.02694917268724469,0.0700585965836134,0.16071695135400885,0.0,0.24486189139100784,0.0,0.01670959635610335,0.0,0.0,0.006270865291946323,0.0,0.0,0.0,0.0,0.0,0.0,0.02830549969849796,0.024181362044943068,0.0,0.0,0.0,0.0,0.0,0.007727425440789324,0.009179583407266385,0.013390319356486095,0.0,0.0,0.0,0.0,0.0,0.0,0.0,0.0,0.0,0.0,0.0,0.0,0.0,0.0,0.0,0.0,0.0,0.0,0.0,0.0,0.0,0.0,0.0,0.0,0.0,0.0,0.0,0.0,0.0,0.0,0.0,0.0,0.0,0.0,0.0,0.0,0.0,0.0,0.0
0.0,0.0,0.0,0.0,0.0,0.0,0.0,0.0,0.0,0.0,0.0,0.0,0.0,0.007417417937085223,0.02127897588515196,0.016907486273502963,0.0939599051639762,0.8623159658181376,0.01670959635610335,0.0,0.0,0.0,0.1288085870157101,0.0,0.01560231995892391,0.022180225765796653,0.007151296037134161,0.006532785449252221,0.0,0.02446805775493026,0.13702423878684783,0.0,0.0,0.0,0.0,0.0,0.0,0.008414005917312263,0.014836389418712346,0.0,0.0,0.0,0.0,0.0,0.0,0.0,0.0,0.0,0.0,0.0,0.0,0.0,0.0,0.0,0.0,0.0,0.0,0.0,0.0,0.0,0.0,0.0,0.0,0.0,0.0,0.0,0.0,0.0,0.0,0.0,0.0,0.0,0.0,0.0,0.0,0.0,0.0,0.0
0.0,0.0,0.0,0.0,0.0,0.0,0.026207980091157622,0.0,0.0,0.0,0.0,0.006537198484470848,0.3032966792333625,0.01797812240687553,0.0,0.3878312850798629,0.4951324465208699,0.04717437747766499,0.0,0.0,0.0,0.013363588390906338,0.016535875284406885,0.0,0.060746443605445836,0.07400970984661319,0.0063011764718019165,0.0,0.0,0.0,0.0,0.0,0.0,0.0,0.0,0.0,0.1938889217349641,0.14604103369942495,0.0,0.0,0.0,0.0,0.0,0.0,0.0,0.0,0.0,0.0,0.0,0.0,0.0,0.0,0.0,0.0,0.0,0.0,0.0,0.0,0.0,0.0,0.0,0.0,0.0,0.0,0.0,0.0,0.011558686659417356,0.0,0.0,0.0,0.006771348764476176,0.0,0.0,0.0,0.0,0.0,0.0,0.0
0.0,0.0,0.0,0.0,0.0,0.0,0.0,0.0,0.0,0.0,0.0,0.0,0.0,0.0,0.0,0.0,0.05680758790634603,0.007352664809541633,0.0,0.0,0.013363588390906338,0.0,0.1992346339125377,0.00594905697963115,0.07256519547077174,0.2612684002231102,0.04149647438193423,0.013747585141551857,0.0,0.00941788550829124,0.009676107720541467,0.0,0.0,0.0,0.0,0.0,0.0,0.0,0.0,0.0,0.0,0.0,0.0,0.0,0.0,0.0,0.0,0.0,0.0,0.0,0.0,0.0,0.0,0.0,0.0,0.0,0.0,0.0,0.0,0.0,0.0,0.0,0.0,0.0,0.0,0.0,0.0,0.0,0.0,0.0,0.0,0.0,0.0,0.0,0.0,0.0,0.0,0.0
0.0,0.0,0.0,0.0,0.0,0.0,0.01864718397889121,0.0,0.0,0.0,0.0,0.0,0.0,0.014933842733338063,0.024517433392112646,0.021159881719010214,0.054712542061774394,0.1390900741638576,0.006270865291946323,0.1288085870157101,0.016535875284406885,0.1992346339125377,0.0,0.13510761459817203,0.12629847427122978,0.14960199105268607,0.15819151874447512,0.1792041537814381,0.0,0.05817375861441096,0.2323944388289605,0.008147024716092624,0.0,0.0,0.0,0.0,0.007100230659738503,0.031939069344642634,0.02928212100091062,0.007800257954390113,0.006428271000720392,0.012470568293795548,0.0,0.0,0.0,0.0,0.0,0.0,0.0,0.0,0.0,0.0,0.0,0.0,0.0,0.0,0.0,0.0,0.0,0.0,0.0,0.0,0.0,0.0,0.0,0.0,0.0058599233304443615,0.0,0.0,0.0,0.014274943483900274,0.0,0.0,0.0,0.0,0.0,0.0,0.0
0.0,0.0,0.0,0.0,0.0,0.0,0.0,0.0,0.0,0.0,0.0,0.0,0.0,0.0,0.0,0.0,0.0,0.0,0.0,0.0,0.0,0.00594905697963115,0.13510761459817203,0.0,0.010718852732797254,0.0,0.03123424879069374,0.06365784453265474,0.0,0.0,0.007533160403335413,0.0,0.0,0.0,0.0,0.0,0.0,0.0,0.0,0.0,0.0,0.0,0.0,0.0,0.0,0.0,0.0,0.0,0.0,0.0,0.0,0.0,0.0,0.0,0.0,0.0,0.0,0.0,0.0,0.0,0.0,0.0,0.0,0.0,0.0,0.0,0.0,0.0,0.0,0.0,0.0,0.0,0.0,0.0,0.0,0.0,0.0,0.0
0.0,0.0,0.0,0.0,0.0,0.0,0.0,0.0,0.0,0.0,0.0,0.0,0.0,0.0,0.006801492048038742,0.008780776444500137,0.0,0.008243703592167523,0.0,0.01560231995892391,0.060746443605445836,0.07256519547077174,0.12629847427122978,0.010718852732797254,0.0,0.18258616925529053,0.4573187305445016,0.027353716702500176,0.0,0.02021635551251688,0.01665304539874786,0.0,0.0,0.0,0.0,0.0,0.0,0.10770206514125505,0.012423186307736306,0.0,0.0,0.0,0.0,0.012367070386340736,0.0,0.0,0.0,0.0,0.0,0.0,0.0,0.0,0.0,0.0,0.0,0.0,0.0,0.0,0.0,0.0,0.0,0.0,0.0,0.0,0.0,0.0,0.03549786020010591,0.0,0.007511090777536177,0.0,0.07776004021680033,0.006456676714754892,0.0,0.0,0.0,0.0,0.0,0.0
0.0,0.0,0.0,0.0,0.0,0.0,0.012982015752061992,0.0,0.0,0.0,0.0,0.0,0.005520626914735023,0.009039643320605206,0.0,0.08853878885352397,0.16381751785242235,0.10063217565972851,0.0,0.022180225765796653,0.07400970984661319,0.2612684002231102,0.14960199105268607,0.0,0.18258616925529053,0.0,0.019986299483115498,0.013088985233559692,0.0,0.005578503402511363,0.005807282798469735,0.0,0.0,0.0,0.0,0.0,0.017936205056891294,0.022954624357777904,0.0061130640563589874,0.0,0.0,0.0,0.0,0.0,0.0,0.0,0.0,0.0,0.0,0.0,0.0,0.0,0.0,0.0,0.0,0.0,0.0,0.0,0.0,0.0,0.0,0.0,0.0,0.0,0.0,0.0,0.0,0.0,0.0,0.0,0.007633779706479159,0.0,0.0,0.0,0.0,0.0,0.0,0.0
0.0,0.0,0.0,0.0,0.0,0.0,0.0,0.0,0.0,0.0,0.0,0.0,0.0,0.0,0.0,0.0,0.0,0.0,0.0,0.007151296037134161,0.0063011764718019165,0.04149647438193423,0.15819151874447512,0.03123424879069374,0.4573187305445016,0.019986299483115498,0.0,0.05507875867000415,0.0,0.012628262519579967,0.022406593927742014,0.0,0.0,0.0,0.005397476856965002,0.0,0.0,0.0,0.00807245183632267,0.0,0.0,0.0,0.0,0.1137743040510885,0.0,0.0,0.0,0.0,0.0,0.0,0.0,0.0,0.0,0.0,0.0,0.0,0.0,0.0,0.0,0.0,0.0,0.0,0.0,0.0,0.0,0.0,0.0,0.0,0.0,0.0,0.0,0.0,0.0,0.0,0.0,0.0,0.0,0.0
0.0,0.0,0.0,0.0,0.0,0.0,0.0,0.0,0.0,0.0,0.0,0.0,0.0,0.0,0.0,0.0,0.0,0.0,0.0,0.006532785449252221,0.0,0.013747585141551857,0.1792041537814381,0.06365784453265474,0.027353716702500176,0.013088985233559692,0.05507875867000415,0.0,0.0,0.09648453558932293,0.24410512481145477,0.08771425561176208,0.23995619344020633,0.025645015774524865,0.03898883851894986,0.0,0.0,0.0,0.0469691058873243,0.0,0.0,0.005616547814234427,0.0,0.056157260671088914,0.014284464794373694,0.0,0.0,0.0,0.0,0.0,0.0,0.0,0.0,0.0,0.0,0.0,0.0,0.0,0.0,0.0,0.0,0.0,0.0,0.0,0.0,0.0,0.0,0.0,0.0,0.0,0.0,0.0,0.0,0.0,0.0,0.0,0.0,0.0
0.0,0.0,0.0,0.0,0.0,0.0,0.0,0.0,0.0,0.0,0.0,0.0,0.0,0.0,0.0,0.0,0.0,0.0,0.0,0.0,0.0,0.0,0.0,0.0,0.0,0.0,0.0,0.0,0.0,0.05617240839170762,0.0070661801506000455,0.0,0.0,0.0,0.0,0.0,0.0,0.0,0.006497706334167077,0.0,0.0,0.0,0.0,0.0,0.0,0.0,0.0,0.0,0.0,0.0,0.0,0.0,0.0,0.0,0.0,0.0,0.0,0.0,0.0,0.0,0.0,0.0,0.0,0.0,0.0,0.0,0.0,0.0,0.0,0.0,0.0,0.0,0.0,0.0,0.0,0.0,0.0,0.0
0.0,0.0,0.0,0.0,0.0,0.0,0.0,0.0,0.0,0.0,0.0,0.0,0.0,0.006797064237039136,0.027482051999992187,0.007271028020567551,0.0,0.03469422004807954,0.02830549969849796,0.02446805775493026,0.0,0.00941788550829124,0.05817375861441096,0.0,0.02021635551251688,0.005578503402511363,0.012628262519579967,0.09648453558932293,0.05617240839170762,0.0,0.41857826622833527,0.10452116654249728,0.08611322382130591,0.0,0.0153648130191956,0.0,0.0,0.0,0.03956380300225997,0.0,0.0,0.0,0.0,0.042901012492989644,0.015580573641490266,0.0,0.0,0.0,0.0,0.0,0.0,0.0,0.0,0.0,0.0,0.0,0.0,0.0,0.0,0.0,0.0,0.0,0.0,0.0,0.0,0.0,0.0,0.0,0.0,0.0,0.0,0.0,0.0,0.0,0.0,0.0,0.0,0.0
0.0,0.0,0.0,0.0,0.0,0.0,0.0,0.0,0.0,0.0,0.0,0.0,0.0,0.0,0.011358430756571685,0.0,0.0,0.019532050076143573,0.024181362044943068,0.13702423878684783,0.0,0.009676107720541467,0.2323944388289605,0.007533160403335413,0.01665304539874786,0.005807282798469735,0.022406593927742014,0.24410512481145477,0.0070661801506000455,0.41857826622833527,0.0,0.4045734078092539,0.05355543331010036,0.010805350619651075,0.012967695043196125,0.0,0.0,0.0,0.039689575110311785,0.0,0.0,0.0,0.0,0.0,0.0,0.0,0.0,0.0,0.0,0.0,0.0,0.0,0.0,0.0,0.0,0.0,0.0,0.0,0.0,0.0,0.0,0.0,0.0,0.0,0.0,0.0,0.0,0.0,0.0,0.0,0.0,0.0,0.0,0.0,0.0,0.0,0.0,0.0
0.0,0.0,0.0,0.0,0.0,0.0,0.0,0.0,0.0,0.0,0.0,0.0,0.0,0.0,0.0,0.0,0.0,0.0,0.0,0.0,0.0,0.0,0.008147024716092624,0.0,0.0,0.0,0.0,0.08771425561176208,0.0,0.10452116654249728,0.4045734078092539,0.0,0.16623807916832745,0.04392563495861423,0.007960687453578147,0.0,0.0,0.0,0.024659255720999,0.0,0.0,0.0,0.0,0.012189298117875037,0.01037633934046416,0.0,0.0,0.0,0.0,0.0,0.0,0.0,0.0,0.0,0.0,0.0,0.0,0.0,0.0,0.0,0.0,0.0,0.0,0.0,0.0,0.0,0.0,0.0,0.0,0.0,0.0,0.0,0.0,0.0,0.0,0.0,0.0,0.0
0.0,0.0,0.0,0.0,0.0,0.0,0.0,0.0,0.0,0.0,0.0,0.0,0.0,0.0,0.0,0.0,0.0,0.0,0.0,0.0,0.0,0.0,0.0,0.0,0.0,0.0,0.0,0.23995619344020633,0.0,0.08611322382130591,0.05355543331010036,0.16623807916832745,0.0,0.054500075870482445,0.025163496814876812,0.0,0.0,0.0,0.036679182388046155,0.0,0.0,0.0,0.0,0.012722408272938615,0.046120930829751564,0.0,0.0,0.0,0.0,0.0,0.0,0.0,0.0,0.0,0.0,0.0,0.0,0.0,0.0,0.0,0.0,0.0,0.0,0.0,0.0,0.0,0.0,0.0,0.0,0.0,0.0,0.0,0.0,0.0,0.0,0.0,0.0,0.0
0.0,0.0,0.0,0.0,0.0,0.0,0.0,0.0,0.0,0.0,0.0,0.0,0.0,0.0,0.0,0.0,0.0,0.0,0.0,0.0,0.0,0.0,0.0,0.0,0.0,0.0,0.0,0.025645015774524865,0.0,0.0,0.010805350619651075,0.04392563495861423,0.054500075870482445,0.0,0.0,0.0,0.0,0.0,0.0,0.0,0.0,0.0,0.0,0.0,0.0,0.0,0.0,0.0,0.0,0.0,0.0,0.0,0.0,0.0,0.0,0.0,0.0,0.0,0.0,0.0,0.0,0.0,0.0,0.0,0.0,0.0,0.0,0.0,0.0,0.0,0.0,0.0,0.0,0.0,0.0,0.0,0.0,0.0
0.0,0.0,0.0,0.0,0.0,0.0,0.0,0.0,0.0,0.0,0.0,0.0,0.0,0.0,0.0,0.0,0.0,0.0,0.0,0.0,0.0,0.0,0.0,0.0,0.0,0.0,0.005397476856965002,0.03898883851894986,0.0,0.0153648130191956,0.012967695043196125,0.007960687453578147,0.025163496814876812,0.0,0.0,0.0,0.0,0.0,0.02041229573266867,0.0,0.0,0.005905094433252897,0.0,0.44246928772195154,0.01062052462755921,0.0,0.0,0.0,0.0,0.0,0.0,0.0,0.0,0.0,0.0,0.0,0.0,0.0,0.0,0.0,0.0,0.0,0.0,0.0,0.0,0.0,0.0,0.0,0.0,0.0,0.0,0.0,0.0,0.0,0.0,0.0,0.0,0.0
0.007456278312994661,0.0,0.03667764099089554,0.08056376710792562,0.0,0.0,0.12976406668374346,0.12388049225604546,0.0,0.0,0.07565325046139894,0.0,0.0,0.0,0.0,0.0,0.0,0.0,0.0,0.0,0.0,0.0,0.0,0.0,0.0,0.0,0.0,0.0,0.0,0.0,0.0,0.0,0.0,0.0,0.0,0.0,0.06323751594254087,0.0,0.0,0.0,0.02368364671208107,0.006763799935639605,0.0,0.0,0.0,0.0,0.0,0.0,0.0,0.0,0.0,0.0,0.0,0.0,0.0,0.0,0.0,0.0,0.0,0.0,0.0,0.0,0.0,0.0,0.0,0.0,0.0,0.0,0.0,0.0,0.0,0.0,0.0,0.0,0.0,0.0,0.0,0.0
0.0,0.0,0.0,0.0,0.0,0.0,0.3818062785454005,0.04199573132531391,0.0,0.0,0.034618154254345196,0.09891201828684641,0.22863727985408883,0.1808046627538544,0.0,0.25361970059067007,0.020956970806331028,0.013755635788968481,0.007727425440789324,0.0,0.1938889217349641,0.0,0.007100230659738503,0.0,0.0,0.017936205056891294,0.0,0.0,0.0,0.0,0.0,0.0,0.0,0.0,0.0,0.06323751594254087,0.0,0.08127112833605893,0.013255825286187002,0.012333145824724414,0.01646211803876608,0.01567165089074485,0.0,0.0,0.0,0.0,0.0,0.0,0.0,0.0,0.0,0.0,0.0,0.0,0.0,0.0,0.0,0.0,0.0,0.0,0.0,0.0,0.0,0.0,0.0,0.0,0.0,0.0,0.0,0.0,0.0,0.0,0.0,0.0,0.0,0.0,0.0,0.0
0.0,0.0,0.0,0.0,0.0,0.0,0.02761835176849126,0.0,0.0,0.0,0.0,0.0,0.0,0.020817015871148172,0.0,0.04066658755986095,0.0,0.013809513884052466,0.009179583407266385,0.008414005917312263,0.14604103369942495,0.0,0.031939069344642634,0.0,0.10770206514125505,0.022954624357777904,0.0,0.0,0.0,0.0,0.0,0.0,0.0,0.0,0.0,0.0,0.08127112833605893,0.0,0.0,0.0,0.0,0.0,0.0,0.0,0.0,0.0,0.0,0.0,0.0,0.0,0.0,0.0,0.0,0.0,0.0,0.0,0.0,0.0,0.0,0.0,0.0,0.0,0.0,0.0,0.0,0.0,0.01638428240139532,0.0,0.0,0.0,0.01794497416279647,0.0,0.0,0.0,0.0,0.0,0.0,0.0
0.0,0.05182575902625885,0.023271797168225538,0.0,0.008912037750843694,0.1310579068258516,0.12091861292283353,0.2907035767961776,0.47758717643677256,0.3787070705036395,0.0,0.006391846670101409,0.0,0.24079064064851222,0.03436926783058784,0.11230359578138668,0.0,0.04243339406381824,0.013390319356486095,0.014836389418712346,0.0,0.0,0.02928212100091062,0.0,0.012423186307736306,0.0061130640563589874,0.00807245183632267,0.0469691058873243,0.006497706334167077,0.03956380300225997,0.039689575110311785,0.024659255720999,0.036679182388046155,0.0,0.02041229573266867,0.0,0.013255825286187002,0.0,0.0,0.01820517558825769,0.021059222257653932,0.7640327867595108,0.0,0.1487872795022005,0.09733360069626953,0.0,0.0,0.0,0.0,0.0,0.0,0.0,0.0,0.0,0.0,0.0,0.0,0.0,0.0,0.0,0.0,0.0,0.0,0.0,0.0,0.0,0.0,0.0,0.0,0.0,0.0,0.0,0.0,0.0,0.0,0.0,0.0,0.0
0.0,0.0,0.0,0.0,0.0,0.0,0.05045783346626136,0.011786076860777026,0.0,0.0,0.0,0.0,0.0,0.04307142359573083,0.0,0.017312388356361622,0.0,0.0,0.0,0.0,0.0,0.0,0.007800257954390113,0.0,0.0,0.0,0.0,0.0,0.0,0.0,0.0,0.0,0.0,0.0,0.0,0.0,0.012333145824724414,0.0,0.01820517558825769,0.0,0.3023779532540786,0.280006570313418,0.795094397865999,0.43279756058543095,0.05712438479320033,0.0,0.0,0.0,0.0,0.0,0.0,0.0,0.0,0.0,0.0,0.0,0.0,0.0,0.0,0.0,0.0,0.0,0.0,0.0,0.0,0.0,0.0,0.0,0.0,0.0,0.0,0.0,0.0,0.0,0.0,0.0,0.0,0.0
0.014495539479717828,0.0431064014024817,0.03975593964444272,0.019374770784804395,0.02164143628452459,0.028805377135802727,0.03940835221061976,0.0893973323565908,0.0,0.014930798992968992,0.0,0.0,0.0,0.013385622267588732,0.0,0.0,0.0,0.0,0.0,0.0,0.0,0.0,0.006428271000720392,0.0,0.0,0.0,0.0,0.0,0.0,0.0,0.0,0.0,0.0,0.0,0.0,0.02368364671208107,0.01646211803876608,0.0,0.021059222257653932,0.3023779532540786,0.0,0.9416996055961686,0.24845553545145008,0.015515328850893363,0.0,0.012424317565904426,0.0,0.0,0.0,0.0,0.0,0.0,0.0,0.0,0.0,0.0,0.0,0.0,0.0,0.0,0.0,0.0,0.0,0.0,0.0,0.0,0.0,0.0,0.0,0.0,0.0,0.0,0.0,0.0,0.0,0.0,0.0,0.0
0.09499669651629923,0.08979140110873665,0.06089384756760557,0.034563259679975936,0.007514433797402765,0.04355935623108849,0.13772608893821411,0.16621826780481963,0.04851347371773852,0.05465601768374006,0.0,0.007066525022012171,0.0,0.25078149258998383,0.0,0.029771766591505596,0.0,0.007987176129577304,0.0,0.0,0.0,0.0,0.012470568293795548,0.0,0.0,0.0,0.0,0.005616547814234427,0.0,0.0,0.0,0.0,0.0,0.0,0.005905094433252897,0.006763799935639605,0.01567165089074485,0.0,0.7640327867595108,0.280006570313418,0.9416996055961686,0.0,0.021135067098578424,0.12539753044122356,0.03506982779620802,0.02140551447868927,0.0,0.0,0.0,0.0,0.0,0.0,0.0,0.0,0.0,0.0,0.0,0.0,0.0,0.0,0.0,0.0,0.0,0.0,0.0,0.0,0.0,0.0,0.0,0.0,0.0,0.0,0.0,0.0,0.0,0.0,0.0,0.0
0.0,0.006390266477223178,0.0,0.0,0.0,0.0,0.005387261824776112,0.0,0.0,0.0,0.0,0.0,0.0,0.011843258478521286,0.0,0.0,0.0,0.0,0.0,0.0,0.0,0.0,0.0,0.0,0.0,0.0,0.0,0.0,0.0,0.0,0.0,0.0,0.0,0.0,0.0,0.0,0.0,0.0,0.0,0.795094397865999,0.24845553545145008,0.021135067098578424,0.0,0.011503823217516732,0.0,0.010851957349318875,0.0,0.0,0.0,0.0,0.0,0.0,0.0,0.0,0.0,0.0,0.0,0.0,0.0,0.0,0.0,0.0,0.0,0.0,0.0,0.0,0.0,0.0,0.0,0.0,0.0,0.0,0.0,0.0,0.0,0.0,0.0,0.0
0.0,0.00875247648856731,0.0,0.0,0.0,0.0,0.0,0.0,0.0,0.0,0.0,0.0,0.0,0.0,0.0,0.0,0.0,0.0,0.0,0.0,0.0,0.0,0.0,0.0,0.012367070386340736,0.0,0.1137743040510885,0.056157260671088914,0.0,0.042901012492989644,0.0,0.012189298117875037,0.012722408272938615,0.0,0.44246928772195154,0.0,0.0,0.0,0.1487872795022005,0.43279756058543095,0.015515328850893363,0.12539753044122356,0.011503823217516732,0.0,0.021906592364088817,0.0,0.0,0.0,0.0,0.0,0.0,0.0,0.0,0.0,0.0,0.0,0.0,0.0,0.0,0.0,0.0,0.0,0.0,0.0,0.0,0.0,0.0,0.0,0.0,0.0,0.0,0.0,0.0,0.0,0.0,0.0,0.0,0.0
0.0,0.0,0.0,0.0,0.0,0.0,0.0,0.0,0.0,0.0,0.0,0.0,0.0,0.0,0.0,0.0,0.0,0.0,0.0,0.0,0.0,0.0,0.0,0.0,0.0,0.0,0.0,0.014284464794373694,0.0,0.015580573641490266,0.0,0.01037633934046416,0.046120930829751564,0.0,0.01062052462755921,0.0,0.0,0.0,0.09733360069626953,0.05712438479320033,0.0,0.03506982779620802,0.0,0.021906592364088817,0.0,0.0,0.0,0.0,0.0,0.0,0.0,0.0,0.0,0.0,0.0,0.0,0.0,0.0,0.0,0.0,0.0,0.0,0.0,0.0,0.0,0.0,0.0,0.0,0.0,0.0,0.0,0.0,0.0,0.0,0.0,0.0,0.0,0.0
0.00718791700143524,0.011355173164760366,0.0,0.0,0.0,0.0,0.0,0.0,0.0,0.0,0.0,0.0,0.0,0.0,0.0,0.0,0.0,0.0,0.0,0.0,0.0,0.0,0.0,0.0,0.0,0.0,0.0,0.0,0.0,0.0,0.0,0.0,0.0,0.0,0.0,0.0,0.0,0.0,0.0,0.0,0.012424317565904426,0.02140551447868927,0.010851957349318875,0.0,0.0,0.0,0.0,0.0,0.0,0.0,0.0,0.0,0.0,0.0,0.0,0.0,0.0,0.0,0.0,0.0,0.0,0.0,0.0,0.0,0.0,0.0,0.0,0.0,0.0,0.0,0.0,0.0,0.0,0.0,0.0,0.0,0.0,0.0
0.0,0.0,0.0,0.0,0.0,0.0,0.0,0.0,0.0,0.0,0.0,0.0,0.0,0.0,0.0,0.0,0.0,0.0,0.0,0.0,0.0,0.0,0.0,0.0,0.0,0.0,0.0,0.0,0.0,0.0,0.0,0.0,0.0,0.0,0.0,0.0,0.0,0.0,0.0,0.0,0.0,0.0,0.0,0.0,0.0,0.0,0.0,0.008413661122630199,0.005961009074693152,0.009377961673070256,0.0,0.0,0.0,0.0,0.0,0.0,0.0,0.0,0.0,0.0,0.0,0.0,0.0,0.0,0.0,0.0,0.0,0.0,0.0,0.0,0.0,0.0,0.0,0.0,0.0,0.0,0.0,0.0
0.0,0.0,0.0,0.0,0.0,0.0,0.0,0.0,0.0,0.0,0.0,0.0,0.0,0.0,0.0,0.0,0.0,0.0,0.0,0.0,0.0,0.0,0.0,0.0,0.0,0.0,0.0,0.0,0.0,0.0,0.0,0.0,0.0,0.0,0.0,0.0,0.0,0.0,0.0,0.0,0.0,0.0,0.0,0.0,0.0,0.0,0.008413661122630199,0.0,0.012293358153716337,0.00893113905344068,0.0,0.0,0.0,0.0,0.0,0.0,0.0,0.0,0.0,0.0,0.0,0.0,0.0,0.0,0.0,0.0,0.0,0.0,0.0,0.0,0.0,0.0,0.0,0.0,0.0,0.0,0.0,0.0
0.0,0.0,0.007346247745704172,0.0,0.0,0.0,0.0,0.0,0.0,0.0,0.0,0.0,0.0,0.0,0.0,0.0,0.0,0.0,0.0,0.0,0.0,0.0,0.0,0.0,0.0,0.0,0.0,0.0,0.0,0.0,0.0,0.0,0.0,0.0,0.0,0.0,0.0,0.0,0.0,0.0,0.0,0.0,0.0,0.0,0.0,0.0,0.005961009074693152,0.012293358153716337,0.0,0.04133316825346618,0.02339889789042208,0.015002885130796178,0.01110225838463935,0.020934138665775093,0.0,0.0,0.007971892840929888,0.0,0.0,0.0,0.0,0.0,0.0,0.0,0.0,0.0,0.0,0.0,0.0,0.0,0.0,0.0,0.0,0.0,0.0,0.0,0.0,0.0
0.0,0.0,0.0,0.0,0.0,0.0,0.0,0.0,0.0,0.0,0.0,0.0,0.0,0.0,0.0,0.0,0.0,0.0,0.0,0.0,0.0,0.0,0.0,0.0,0.0,0.0,0.0,0.0,0.0,0.0,0.0,0.0,0.0,0.0,0.0,0.0,0.0,0.0,0.0,0.0,0.0,0.0,0.0,0.0,0.0,0.0,0.009377961673070256,0.00893113905344068,0.04133316825346618,0.0,0.0,0.0,0.012375097824646625,0.01368434734953795,0.0,0.0,0.013558346342401762,0.0,0.0,0.0,0.0,0.0,0.0,0.0,0.0,0.0,0.0,0.0,0.0,0.0,0.0,0.0,0.0,0.0,0.0,0.0,0.0,0.0
0.0,0.0,0.0,0.0,0.0,0.0,0.0,0.0,0.0,0.0,0.0,0.0,0.0,0.0,0.0,0.0,0.0,0.0,0.0,0.0,0.0,0.0,0.0,0.0,0.0,0.0,0.0,0.0,0.0,0.0,0.0,0.0,0.0,0.0,0.0,0.0,0.0,0.0,0.0,0.0,0.0,0.0,0.0,0.0,0.0,0.0,0.0,0.0,0.02339889789042208,0.0,0.0,0.020127423619713113,0.0,0.033426383773561455,0.0,0.0,0.0,0.0,0.0,0.0,0.0,0.0,0.0,0.0,0.0,0.0,0.0,0.0,0.0,0.0,0.0,0.0,0.0,0.0,0.0,0.0,0.0,0.0
0.0,0.0,0.0,0.0,0.0,0.0,0.0,0.0,0.0,0.0,0.0,0.0,0.0,0.0,0.0,0.0,0.0,0.0,0.0,0.0,0.0,0.0,0.0,0.0,0.0,0.0,0.0,0.0,0.0,0.0,0.0,0.0,0.0,0.0,0.0,0.0,0.0,0.0,0.0,0.0,0.0,0.0,0.0,0.0,0.0,0.0,0.0,0.0,0.015002885130796178,0.0,0.020127423619713113,0.0,0.0,0.04529681062108977,0.0063636151193236954,0.13745844886450517,0.0,0.0,0.0,0.0,0.0,0.0,0.0,0.0,0.0,0.0,0.0,0.0,0.0,0.0,0.0,0.0,0.0,0.0,0.0,0.0,0.0,0.0
0.0,0.0,0.0,0.0,0.0,0.0,0.0,0.0,0.0,0.0,0.0,0.0,0.0,0.0,0.0,0.0,0.0,0.0,0.0,0.0,0.0,0.0,0.0,0.0,0.0,0.0,0.0,0.0,0.0,0.0,0.0,0.0,0.0,0.0,0.0,0.0,0.0,0.0,0.0,0.0,0.0,0.0,0.0,0.0,0.0,0.0,0.0,0.0,0.01110225838463935,0.012375097824646625,0.0,0.0,0.0,0.5984989321138778,0.12452155547371431,0.09023047868726355,0.5232281496394674,1.0,0.03459113639301163,0.4068970421232941,0.03444321108166876,0.06816399349365704,0.010356204475428751,0.0,0.012124552782138307,0.0,0.05114750184405207,0.0,0.005863689557399492,0.0,0.0,0.008034309309905566,0.0,0.0,0.0076002368084232275,0.0,0.0,0.0
0.0,0.0,0.0,0.0,0.0,0.0,0.005915103856151742,0.005642800295757461,0.0,0.0,0.0,0.0,0.0,0.0,0.0,0.0,0.0,0.0,0.0,0.0,0.0,0.0,0.0,0.0,0.0,0.0,0.0,0.0,0.0,0.0,0.0,0.0,0.0,0.0,0.0,0.0,0.0,0.0,0.0,0.0,0.0,0.0,0.0,0.0,0.0,0.0,0.0,0.0,0.020934138665775093,0.01368434734953795,0.033426383773561455,0.04529681062108977,0.5984989321138778,0.0,0.09875484249074228,0.4551098556479085,0.09157082315910002,0.0,0.0,0.40711443476526843,0.017720994687641236,0.02611989226306138,0.0,0.007591209400583244,0.0,0.0,0.0,0.0,0.0,0.0,0.0,0.0,0.0,0.0,0.0,0.0,0.0,0.0
0.0,0.0,0.0,0.0,0.0,0.0,0.0,0.0,0.0,0.0,0.0,0.0,0.0,0.0,0.0,0.0,0.0,0.0,0.0,0.0,0.0,0.0,0.0,0.0,0.0,0.0,0.0,0.0,0.0,0.0,0.0,0.0,0.0,0.0,0.0,0.0,0.0,0.0,0.0,0.0,0.0,0.0,0.0,0.0,0.0,0.0,0.0,0.0,0.0,0.0,0.0,0.0063636151193236954,0.12452155547371431,0.09875484249074228,0.0,0.1524266720180192,0.0,0.0,0.0,0.08795706609833667,0.3710538598710218,0.05174485239063228,0.0,0.021200064464126308,0.017351535416718664,0.012799901057325643,0.005875115019307587,0.0,0.0,0.0,0.0,0.0,0.0,0.0,0.0,0.0,0.006438484246373635,0.0
0.0,0.0,0.0,0.0,0.0,0.0,0.0,0.0,0.0,0.0,0.0,0.0,0.0,0.0,0.0,0.0,0.0,0.0,0.0,0.0,0.0,0.0,0.0,0.0,0.0,0.0,0.0,0.0,0.0,0.0,0.0,0.0,0.0,0.0,0.0,0.0,0.0,0.0,0.0,0.0,0.0,0.0,0.0,0.0,0.0,0.0,0.0,0.0,0.0,0.0,0.0,0.13745844886450517,0.09023047868726355,0.4551098556479085,0.1524266720180192,0.0,0.0,0.0,0.0,0.018382945860632775,0.008469877531168953,0.009082606075652942,0.0,0.0,0.0,0.0,0.0,0.0,0.0,0.0,0.0,0.0,0.0,0.0,0.0,0.0,0.0,0.0
0.0,0.0,0.0,0.0,0.0,0.0,0.0,0.0,0.0,0.0,0.0,0.0,0.0,0.0,0.0,0.0,0.0,0.0,0.0,0.0,0.0,0.0,0.0,0.0,0.0,0.0,0.0,0.0,0.0,0.0,0.0,0.0,0.0,0.0,0.0,0.0,0.0,0.0,0.0,0.0,0.0,0.0,0.0,0.0,0.0,0.0,0.0,0.0,0.007971892840929888,0.013558346342401762,0.0,0.0,0.5232281496394674,0.09157082315910002,0.0,0.0,0.0,0.005350485011295562,0.0,0.0,0.0,0.0,0.0,0.0,0.0,0.0,0.0,0.0,0.0,0.0,0.0,0.0,0.0,0.0,0.0,0.0,0.0,0.0
0.0,0.0,0.0,0.0,0.0,0.0,0.0,0.0,0.0,0.0,0.0,0.0,0.0,0.0,0.0,0.0,0.0,0.0,0.0,0.0,0.0,0.0,0.0,0.0,0.0,0.0,0.0,0.0,0.0,0.0,0.0,0.0,0.0,0.0,0.0,0.0,0.0,0.0,0.0,0.0,0.0,0.0,0.0,0.0,0.0,0.0,0.0,0.0,0.0,0.0,0.0,0.0,1.0,0.0,0.0,0.0,0.005350485011295562,0.0,0.06954656188343206,0.19438829221319098,0.0,0.007046613032053401,0.0,0.0,0.0,0.0,0.00641333990181108,0.0,0.0,0.0,0.0,0.0,0.0,0.0,0.0,0.0,0.0,0.0
0.0,0.0,0.0,0.0,0.0,0.0,0.0,0.0,0.0,0.0,0.0,0.0,0.0,0.0,0.0,0.0,0.0,0.0,0.0,0.0,0.0,0.0,0.0,0.0,0.0,0.0,0.0,0.0,0.0,0.0,0.0,0.0,0.0,0.0,0.0,0.0,0.0,0.0,0.0,0.0,0.0,0.0,0.0,0.0,0.0,0.0,0.0,0.0,0.0,0.0,0.0,0.0,0.03459113639301163,0.0,0.0,0.0,0.0,0.06954656188343206,0.0,0.23914770371987198,0.0,0.26376227016606246,0.011891535873089342,0.0,0.0,0.0,0.037487353317575384,0.0,0.0,0.0,0.0,0.0,0.0,0.0,0.0,0.0,0.0,0.0
0.0,0.0,0.0,0.0,0.0,0.0,0.0,0.0,0.0,0.0,0.0,0.0,0.0,0.0,0.0,0.0,0.0,0.0,0.0,0.0,0.0,0.0,0.0,0.0,0.0,0.0,0.0,0.0,0.0,0.0,0.0,0.0,0.0,0.0,0.0,0.0,0.0,0.0,0.0,0.0,0.0,0.0,0.0,0.0,0.0,0.0,0.0,0.0,0.0,0.0,0.0,0.0,0.4068970421232941,0.40711443476526843,0.08795706609833667,0.018382945860632775,0.0,0.19438829221319098,0.23914770371987198,0.0,0.1988350511955413,0.5154237949405913,0.04375923201061329,0.08823371584702473,0.044245671614347976,0.009658158341433283,0.13798765874568591,0.007755398046147271,0.01807830817087419,0.0,0.010270539585035007,0.01858960942524619,0.0,0.0,0.008304737859056308,0.0,0.0,0.0
0.0,0.0,0.0,0.0,0.0,0.0,0.0,0.0,0.0,0.0,0.0,0.0,0.0,0.0,0.0,0.0,0.0,0.0,0.0,0.0,0.0,0.0,0.0,0.0,0.0,0.0,0.0,0.0,0.0,0.0,0.0,0.0,0.0,0.0,0.0,0.0,0.0,0.0,0.0,0.0,0.0,0.0,0.0,0.0,0.0,0.0,0.0,0.0,0.0,0.0,0.0,0.0,0.03444321108166876,0.017720994687641236,0.3710538598710218,0.008469877531168953,0.0,0.0,0.0,0.1988350511955413,0.0,0.28319303577367044,0.0,0.029576071838996184,0.07879005923142379,0.022556399894897435,0.0,0.0,0.010086866202041422,0.0,0.0,0.00541474684504333,0.0,0.0,0.0,0.013680525235514784,0.010271420561216734,0.0
0.0,0.0,0.0,0.0,0.0,0.0,0.0,0.0,0.0,0.0,0.0,0.0,0.0,0.0,0.0,0.0,0.0,0.0,0.0,0.0,0.0,0.0,0.0,0.0,0.0,0.0,0.0,0.0,0.0,0.0,0.0,0.0,0.0,0.0,0.0,0.0,0.0,0.0,0.0,0.0,0.0,0.0,0.0,0.0,0.0,0.0,0.0,0.0,0.0,0.0,0.0,0.0,0.06816399349365704,0.02611989226306138,0.05174485239063228,0.009082606075652942,0.0,0.007046613032053401,0.26376227016606246,0.5154237949405913,0.28319303577367044,0.0,0.3635542915273088,0.3513448207077362,0.20474931412776787,0.06741807827125378,0.6058266633234013,0.028846070999564693,0.01857817902638726,0.0,0.005493000503555086,0.04888438414577046,0.0,0.0,0.0,0.012541271519507024,0.010776439619773549,0.0
0.0,0.0,0.0,0.0,0.0,0.0,0.0,0.0,0.0,0.0,0.0,0.0,0.0,0.0,0.0,0.0,0.0,0.0,0.0,0.0,0.0,0.0,0.0,0.0,0.0,0.0,0.0,0.0,0.0,0.0,0.0,0.0,0.0,0.0,0.0,0.0,0.0,0.0,0.0,0.0,0.0,0.0,0.0,0.0,0.0,0.0,0.0,0.0,0.0,0.0,0.0,0.0,0.010356204475428751,0.0,0.0,0.0,0.0,0.0,0.011891535873089342,0.04375923201061329,0.0,0.3635542915273088,0.0,0.03596724480053995,0.0,0.14549110149245234,0.6064950990232431,0.141417653490454,0.015559713618276627,0.0,0.0,0.12041251976452687,0.0,0.0,0.0,0.0,0.0,0.0
0.0,0.0,0.0,0.0,0.0,0.0,0.0,0.0,0.0,0.0,0.0,0.0,0.0,0.0,0.0,0.0,0.0,0.0,0.0,0.0,0.0,0.0,0.0,0.0,0.0,0.0,0.0,0.0,0.0,0.0,0.0,0.0,0.0,0.0,0.0,0.0,0.0,0.0,0.0,0.0,0.0,0.0,0.0,0.0,0.0,0.0,0.0,0.0,0.0,0.0,0.0,0.0,0.0,0.007591209400583244,0.021200064464126308,0.0,0.0,0.0,0.0,0.08823371584702473,0.029576071838996184,0.3513448207077362,0.03596724480053995,0.0,0.272133092384165,0.4531330213701092,0.029306808583208086,0.014181825982368156,0.019096827881344012,0.0,0.0,0.023482104741324183,0.0,0.0,0.0,0.025654254575317514,0.03491089559903149,0.0
0.0,0.0,0.0,0.0,0.0,0.0,0.0,0.0,0.0,0.0,0.0,0.0,0.0,0.0,0.0,0.0,0.0,0.0,0.0,0.0,0.0,0.0,0.0,0.0,0.0,0.0,0.0,0.0,0.0,0.0,0.0,0.0,0.0,0.0,0.0,0.0,0.0,0.0,0.0,0.0,0.0,0.0,0.0,0.0,0.0,0.0,0.0,0.0,0.0,0.0,0.0,0.0,0.012124552782138307,0.0,0.017351535416718664,0.0,0.0,0.0,0.0,0.044245671614347976,0.07879005923142379,0.20474931412776787,0.0,0.272133092384165,0.0,0.029401848277192145,0.0,0.0,0.0,0.0,0.0,0.0,0.0,0.0,0.0,0.042241394834496994,0.02472869372867817,0.0
0.0,0.0,0.0,0.0,0.0,0.0,0.0,0.0,0.0,0.0,0.0,0.0,0.0,0.0,0.0,0.0,0.0,0.0,0.0,0.0,0.0,0.0,0.0,0.0,0.0,0.0,0.0,0.0,0.0,0.0,0.0,0.0,0.0,0.0,0.0,0.0,0.0,0.0,0.0,0.0,0.0,0.0,0.0,0.0,0.0,0.0,0.0,0.0,0.0,0.0,0.0,0.0,0.0,0.0,0.012799901057325643,0.0,0.0,0.0,0.0,0.009658158341433283,0.022556399894897435,0.06741807827125378,0.14549110149245234,0.4531330213701092,0.029401848277192145,0.0,0.03970271881984266,0.10525208191401125,0.13144436453133493,0.0,0.0115409786769123,0.06502179626394732,0.0,0.0,0.0,0.04085942667629557,0.15213906100009383,0.0
0.0,0.0,0.0,0.0,0.0,0.0,0.0,0.0,0.0,0.0,0.0,0.0,0.0,0.0,0.0,0.0,0.0,0.0,0.0,0.0,0.011558686659417356,0.0,0.0058599233304443615,0.0,0.03549786020010591,0.0,0.0,0.0,0.0,0.0,0.0,0.0,0.0,0.0,0.0,0.0,0.0,0.01638428240139532,0.0,0.0,0.0,0.0,0.0,0.0,0.0,0.0,0.0,0.0,0.0,0.0,0.0,0.0,0.05114750184405207,0.0,0.005875115019307587,0.0,0.0,0.00641333990181108,0.037487353317575384,0.13798765874568591,0.0,0.6058266633234013,0.6064950990232431,0.029306808583208086,0.0,0.03970271881984266,0.0,0.11881465303267255,0.027713390175139657,0.0,0.10205549738114685,0.05822672247182034,0.012314708913147489,0.0,0.0,0.0,0.0,0.0
0.0,0.0,0.0,0.0,0.0,0.0,0.0,0.0,0.0,0.0,0.0,0.0,0.0,0.0,0.0,0.0,0.0,0.0,0.0,0.0,0.0,0.0,0.0,0.0,0.0,0.0,0.0,0.0,0.0,0.0,0.0,0.0,0.0,0.0,0.0,0.0,0.0,0.0,0.0,0.0,0.0,0.0,0.0,0.0,0.0,0.0,0.0,0.0,0.0,0.0,0.0,0.0,0.0,0.0,0.0,0.0,0.0,0.0,0.0,0.007755398046147271,0.0,0.028846070999564693,0.141417653490454,0.014181825982368156,0.0,0.10525208191401125,0.11881465303267255,0.0,0.2607896469292303,0.016923532165383427,0.08244691608203424,0.6424583769327351,0.04531384438329585,0.006202519016554339,0.0,0.022906287045908903,0.018575925162850233,0.0
0.0,0.0,0.0,0.0,0.0,0.0,0.0,0.0,0.0,0.0,0.0,0.0,0.0,0.0,0.0,0.0,0.0,0.0,0.0,0.0,0.0,0.0,0.0,0.0,0.007511090777536177,0.0,0.0,0.0,0.0,0.0,0.0,0.0,0.0,0.0,0.0,0.0,0.0,0.0,0.0,0.0,0.0,0.0,0.0,0.0,0.0,0.0,0.0,0.0,0.0,0.0,0.0,0.0,0.005863689557399492,0.0,0.0,0.0,0.0,0.0,0.0,0.01807830817087419,0.010086866202041422,0.01857817902638726,0.015559713618276627,0.019096827881344012,0.0,0.13144436453133493,0.027713390175139657,0.2607896469292303,0.0,0.14435527408196833,0.08854652295741952,0.07063377081674431,0.16968592189030918,0.011155042773070304,0.01135900434978703,0.08150315833719099,0.1401925896768254,0.021955227407120297
0.0,0.0,0.0,0.0,0.0,0.0,0.0,0.0,0.0,0.0,0.0,0.0,0.0,0.0,0.0,0.0,0.0,0.0,0.0,0.0,0.0,0.0,0.0,0.0,0.0,0.0,0.0,0.0,0.0,0.0,0.0,0.0,0.0,0.0,0.0,0.0,0.0,0.0,0.0,0.0,0.0,0.0,0.0,0.0,0.0,0.0,0.0,0.0,0.0,0.0,0.0,0.0,0.0,0.0,0.0,0.0,0.0,0.0,0.0,0.0,0.0,0.0,0.0,0.0,0.0,0.0,0.0,0.016923532165383427,0.14435527408196833,0.0,0.03977086066494118,0.009564835740848073,0.08588026216691531,0.020987844966676324,0.0,0.019297543245755857,0.08640686923897777,0.04610526969584068
0.0,0.0,0.0,0.0,0.0,0.0,0.0,0.0,0.0,0.0,0.0,0.0,0.0,0.0,0.0,0.0,0.0,0.0,0.0,0.0,0.006771348764476176,0.0,0.014274943483900274,0.0,0.07776004021680033,0.007633779706479159,0.0,0.0,0.0,0.0,0.0,0.0,0.0,0.0,0.0,0.0,0.0,0.01794497416279647,0.0,0.0,0.0,0.0,0.0,0.0,0.0,0.0,0.0,0.0,0.0,0.0,0.0,0.0,0.0,0.0,0.0,0.0,0.0,0.0,0.0,0.010270539585035007,0.0,0.005493000503555086,0.0,0.0,0.0,0.0115409786769123,0.10205549738114685,0.08244691608203424,0.08854652295741952,0.03977086066494118,0.0,0.3427302636091116,0.5711227371177804,0.057215118647172915,0.006552310890182913,0.04927804174293514,0.02299561674072888,0.005978776660029088
0.0,0.0,0.0,0.0,0.0,0.0,0.0,0.0,0.0,0.0,0.0,0.0,0.0,0.0,0.0,0.0,0.0,0.0,0.0,0.0,0.0,0.0,0.0,0.0,0.006456676714754892,0.0,0.0,0.0,0.0,0.0,0.0,0.0,0.0,0.0,0.0,0.0,0.0,0.0,0.0,0.0,0.0,0.0,0.0,0.0,0.0,0.0,0.0,0.0,0.0,0.0,0.0,0.0,0.008034309309905566,0.0,0.0,0.0,0.0,0.0,0.0,0.01858960942524619,0.00541474684504333,0.04888438414577046,0.12041251976452687,0.023482104741324183,0.0,0.06502179626394732,0.05822672247182034,0.6424583769327351,0.07063377081674431,0.009564835740848073,0.3427302636091116,0.0,0.026430494970463573,0.0,0.0,0.01448316269229578,0.00817316962252659,0.0
0.0,0.0,0.0,0.0,0.0,0.0,0.0,0.0,0.0,0.0,0.0,0.0,0.0,0.0,0.0,0.0,0.0,0.0,0.0,0.0,0.0,0.0,0.0,0.0,0.0,0.0,0.0,0.0,0.0,0.0,0.0,0.0,0.0,0.0,0.0,0.0,0.0,0.0,0.0,0.0,0.0,0.0,0.0,0.0,0.0,0.0,0.0,0.0,0.0,0.0,0.0,0.0,0.0,0.0,0.0,0.0,0.0,0.0,0.0,0.0,0.0,0.0,0.0,0.0,0.0,0.0,0.012314708913147489,0.04531384438329585,0.16968592189030918,0.08588026216691531,0.5711227371177804,0.026430494970463573,0.0,0.07652897921504985,0.0,0.0268194542755728,0.04802009975383105,0.01278199250100683
0.0,0.0,0.0,0.0,0.0,0.0,0.0,0.0,0.0,0.0,0.0,0.0,0.0,0.0,0.0,0.0,0.0,0.0,0.0,0.0,0.0,0.0,0.0,0.0,0.0,0.0,0.0,0.0,0.0,0.0,0.0,0.0,0.0,0.0,0.0,0.0,0.0,0.0,0.0,0.0,0.0,0.0,0.0,0.0,0.0,0.0,0.0,0.0,0.0,0.0,0.0,0.0,0.0,0.0,0.0,0.0,0.0,0.0,0.0,0.0,0.0,0.0,0.0,0.0,0.0,0.0,0.0,0.006202519016554339,0.011155042773070304,0.020987844966676324,0.057215118647172915,0.0,0.07652897921504985,0.0,0.0,0.1840467517660453,0.09034060746476395,0.08774399599821538
0.0,0.0,0.0,0.0,0.0,0.0,0.0,0.0,0.0,0.0,0.0,0.0,0.0,0.0,0.0,0.0,0.0,0.0,0.0,0.0,0.0,0.0,0.0,0.0,0.0,0.0,0.0,0.0,0.0,0.0,0.0,0.0,0.0,0.0,0.0,0.0,0.0,0.0,0.0,0.0,0.0,0.0,0.0,0.0,0.0,0.0,0.0,0.0,0.0,0.0,0.0,0.0,0.0076002368084232275,0.0,0.0,0.0,0.0,0.0,0.0,0.008304737859056308,0.0,0.0,0.0,0.0,0.0,0.0,0.0,0.0,0.01135900434978703,0.0,0.006552310890182913,0.0,0.0,0.0,0.0,0.04193337846373677,0.0,0.0
0.0,0.0,0.0,0.0,0.0,0.0,0.0,0.0,0.0,0.0,0.0,0.0,0.0,0.0,0.0,0.0,0.0,0.0,0.0,0.0,0.0,0.0,0.0,0.0,0.0,0.0,0.0,0.0,0.0,0.0,0.0,0.0,0.0,0.0,0.0,0.0,0.0,0.0,0.0,0.0,0.0,0.0,0.0,0.0,0.0,0.0,0.0,0.0,0.0,0.0,0.0,0.0,0.0,0.0,0.0,0.0,0.0,0.0,0.0,0.0,0.013680525235514784,0.012541271519507024,0.0,0.025654254575317514,0.042241394834496994,0.04085942667629557,0.0,0.022906287045908903,0.08150315833719099,0.019297543245755857,0.04927804174293514,0.01448316269229578,0.0268194542755728,0.1840467517660453,0.04193337846373677,0.0,0.24477238326945594,0.19994772043066517
0.0,0.0,0.0,0.0,0.0,0.0,0.0,0.0,0.0,0.0,0.0,0.0,0.0,0.0,0.0,0.0,0.0,0.0,0.0,0.0,0.0,0.0,0.0,0.0,0.0,0.0,0.0,0.0,0.0,0.0,0.0,0.0,0.0,0.0,0.0,0.0,0.0,0.0,0.0,0.0,0.0,0.0,0.0,0.0,0.0,0.0,0.0,0.0,0.0,0.0,0.0,0.0,0.0,0.0,0.006438484246373635,0.0,0.0,0.0,0.0,0.0,0.010271420561216734,0.010776439619773549,0.0,0.03491089559903149,0.02472869372867817,0.15213906100009383,0.0,0.018575925162850233,0.1401925896768254,0.08640686923897777,0.02299561674072888,0.00817316962252659,0.04802009975383105,0.09034060746476395,0.0,0.24477238326945594,0.0,0.592152487254619
